  82  81  82  83  85 183 238 242 242 239 185  82  78  75  74  72
  76  80  81  87  95 186 255 255 255 254 194  79  78  80  81  79
  75  79  82  86  88 177 255 255 255 255 191  83  80  80  82  81
  75  79  84  89  98 191 255 255 255 255 204  92  87  85  81  80
  89  98  98 102 104 198 255 255 255 255 206 103 103 102  91  85
 166 184 187 195 187 229 255 255 255 255 236 184 190 191 191 174
 249 255 255 255 254 255 255 255 255 255 255 254 255 255 255 252
 245 255 255 255 255 255 255 255 255 255 255 255 255 255 255 251
 252 255 255 255 255 255 255 255 255 255 255 255 255 255 255 251
 254 255 255 255 255 255 255 255 255 255 255 255 255 255 255 239
 255 255 255 255 255 221 206 206 196 199 220 255 255 255 255 240
 251 255 255 255 254 165 104 105  91  92 151 254 255 255 255 250
 252 255 255 255 255 158 101  93  95 100 150 252 255 255 255 246
 254 255 255 255 255 137  93  99 100  99 131 252 255 255 255 248
 245 255 255 255 255 136 100 103  96  93 142 255 255 255 255 250
 238 247 253 247 244 142 102 101  94  97 145 246 248 247 247 238
  68  70  71  74  74 180 219 220 227 225 182  76  71  71  70  72
  68  69  72  72  77 171 225 226 227 225 178  71  69  69  66  69
  68  69  71  72  75 168 225 227 228 226 168  67  68  67  66  69
  69  71  73  74  77 178 226 225 225 224 187  77  73  71  71  70
  74  76  78  82  82 180 219 225 226 224 189  80  78  78  75  72
 164 181 184 187 181 214 226 226 226 226 214 178 185 184 178 169
 227 227 226 225 225 225 225 224 226 225 225 225 226 225 225 223
 222 223 223 223 225 226 226 225 226 226 225 226 226 224 224 224
 222 224 225 224 226 227 228 228 228 223 225 227 226 226 227 223
 223 225 227 225 224 224 224 226 225 225 224 228 227 222 225 221
 222 224 227 227 226 204 194 197 189 190 201 226 224 223 226 224
 222 223 225 227 225 141  79  75  74  77 134 225 224 222 224 225
 223 223 226 227 227 134  75  74  77  81 137 224 224 222 224 225
 221 219 223 226 224 130  76  73  77  80 116 221 222 220 224 225
 220 222 223 225 224 121  74  74  76  78 118 222 225 227 226 222
 225 225 227 225 222 123  74  75  74  71 120 221 224 224 223 218
  49  45  47  46  55 170 208 209 216 211 172  60  54  51  51  50
  51  49  49  50  59 154 197 198 197 195 160  57  54  52  53  53
  49  50  51  56  67 161 203 198 196 196 151  55  56  53  53  52
  51  51  52  57  67 163 203 202 201 199 174  63  57  54  52  55
  58  61  58  60  72 179 200 202 202 200 176  73  66  63  64  61
 162 177 181 182 176 201 200 200 201 200 194 172 183 179 173 166
 204 196 197 199 200 201 204 203 201 201 202 203 199 199 198 204
 206 202 205 204 200 199 200 201 201 200 198 199 201 201 200 204
 206 203 200 199 202 197 196 196 197 202 204 198 199 198 197 201
 205 198 198 199 201 203 202 197 194 198 200 197 196 204 204 206
 201 201 199 198 197 187 185 191 182 182 186 198 201 205 199 206
 206 204 201 200 206 131  70  67  66  66 124 202 206 207 200 203
 204 203 199 197 199 124  68  65  66  66 126 204 203 204 203 209
 205 203 204 198 202 124  67  62  58  62 108 202 200 201 200 206
 209 206 205 202 203 108  59  58  57  59 114 206 200 197 199 203
 208 202 201 205 211 110  56  55  56  61 119 212 208 206 206 208

  72  79  81  80  85 174 252 251 251 239 240 250 246 248 250 238
  74  81  82  81  91 191 255 255 255 255 255 255 255 255 255 247
  75  80  80  85 102 191 255 255 255 255 255 255 255 255 255 247
  78  78  80  87 103 190 255 255 255 255 255 255 255 255 255 248
  82  79  83  92 103 184 254 255 255 255 255 254 252 252 255 246
 185 194 191 204 206 236 255 255 255 255 220 151 150 131 142 145
 239 254 255 255 255 255 255 255 255 255 199  92 100  99  93  97
 242 255 255 255 255 255 255 255 255 255 196  91  95 100  96  94
 242 255 255 255 255 255 255 255 255 255 206 105  93  99 103 101
 238 255 255 255 255 255 255 255 255 255 206 104 101  93 100 102
 183 186 177 191 198 229 255 255 255 255 221 165 158 137 136 142
  85  95  88  98 104 187 254 255 255 255 255 254 255 255 255 244
  83  87  86  89 102 195 255 255 255 255 255 255 255 255 255 247
  82  81  82  84  98 187 255 255 255 255 255 255 255 255 255 253
  81  80  79  79  98 184 255 255 255 255 255 255 255 255 255 247
  82  76  75  75  89 166 249 245 252 254 255 251 252 254 245 238
  72  69  69  70  72 169 223 224 223 221 224 225 225 225 222 218
  70  66  66  71  75 178 225 224 227 225 226 224 224 224 226 223
  71  69  67  71  78 184 225 224 226 222 223 222 222 220 227 224
  71  69  68  73  78 185 226 226 226 227 224 224 224 222 225 224
  76  71  67  77  80 178 225 226 227 228 226 225 224 221 222 221
 182 178 168 187 189 214 225 225 225 224 201 134 137 116 118 120
 225 225 226 224 224 226 225 226 223 225 190  77  81  80  78  71
 227 227 228 225 226 226 226 226 228 225 189  74  77  77  76  74
 220 226 227 225 225 226 224 225 228 226 197  75  74  73  74  75
 219 225 225 226 219 226 225 226 228 224 194  79  75  76  74  74
 180 171 168 178 180 214 225 226 227 224 204 141 134 130 121 123
  74  77  75  77  82 181 225 225 226 224 226 225 227 224 224 222
  74  72  72  74  82 187 225 223 224 225 227 227 227 226 225 225
  71  72  71  73  78 184 226 223 225 227 227 225 226 223 223 227
  70  69  69  71  76 181 227 223 224 225 224 223 223 219 222 225
  68  68  68  69  74 164 227 222 222 223 222 222 223 221 220 225
  50  53  52  55  61 166 204 204 201 206 206 203 209 206 203 208
  51  53  53  52  64 173 198 200 197 204 199 200 203 200 199 206
  51  52  53  54  63 179 199 201 198 204 205 207 204 201 197 206
  54  54  56  57  66 183 199 201 199 196 201 206 203 200 200 208
  60  57  55  63  73 172 203 199 198 197 198 202 204 202 206 212
 172 160 151 174 176 194 202 198 204 200 186 124 126 108 114 119
 211 195 196 199 200 200 201 200 202 198 182  66  66  62  59  61
 216 197 196 201 202 201 201 201 197 194 182  66  66  58  57  56
 209 198 198 202 202 200 203 201 196 197 191  67  65  62  58  55
 208 197 203 203 200 200 204 200 196 202 185  70  68  67  59  56
 170 154 161 163 179 201 201 199 197 203 187 131 124 124 108 110
  55  59  67  67  72 176 200 200 202 201 197 206 199 202 203 211
  46  50  56  57  60 182 199 204 199 199 198 200 197 198 202 205
  47  49  51  52  58 181 197 205 200 198 199 201 199 204 205 201
  45  49  50  51  61 177 196 202 203 198 201 204 203 203 206 202
  49  51  49  51  58 162 204 206 206 205 201 206 204 205 209 208

 238 247 247 248 246 145  97  94 101 102 142 244 247 253 247 238
 250 255 255 255 255 142  93  96 103 100 136 255 255 255 255 245
 248 255 255 255 252 131  99 100  99  93 137 255 255 255 255 254
 246 255 255 255 252 150 100  95  93 101 158 255 255 255 255 252
 250 255 255 255 254 151  92  91 105 104 165 254 255 255 255 251
 240 255 255 255 255 220 199 196 206 206 221 255 255 255 255 255
 239 255 255 255 255 255 255 255 255 255 255 255 255 255 255 254
 251 255 255 255 255 255 255 255 255 255 255 255 255 255 255 252
 251 255 255 255 255 255 255 255 255 255 255 255 255 255 255 245
 252 255 255 255 254 255 255 255 255 255 255 254 255 255 255 249
 174 191 191 190 184 236 255 255 255 255 229 187 195 187 184 166
  85  91 102 103 103 206 255 255 255 255 198 104 102  98  98  89
  80  81  85  87  92 204 255 255 255 255 191  98  89  84  79  75
  81  82  80  80  83 191 255 255 255 255 177  88  86  82  79  75
  79  81  80  78  79 194 254 255 255 255 186  95  87  81  80  76
  72  74  75  78  82 185 239 242 242 238 183  85  83  82  81  82
 218 223 224 224 221 120  71  74  75  74 123 222 225 227 225 225
 222 226 227 225 222 118  78  76  74  74 121 224 225 223 222 220
 225 224 220 222 221 116  80  77  73  76 130 224 226 223 219 221
 225 224 222 224 224 137  81  77  74  75 134 227 227 226 223 223
 225 224 222 224 225 134  77  74  75  79 141 225 227 225 223 222
 224 226 223 224 226 201 190 189 197 194 204 226 227 227 224 222
 221 225 222 227 228 224 225 225 226 224 224 224 225 227 225 223
 223 227 226 226 227 225 223 228 228 228 227 226 224 225 224 222
 224 224 224 226 226 225 226 226 225 226 226 225 223 223 223 222
 223 225 225 226 225 225 225 226 224 225 225 225 225 226 227 227
 169 178 184 185 178 214 226 226 226 226 214 181 187 184 181 164
  72  75  78  78  80 189 224 226 225 219 180  82  82  78  76  74
  70  71  71  73  77 187 224 225 225 226 178  77  74  73  71  69
  69  66  67  68  67 168 226 228 227 225 168  75  72  71  69  68
  69  66  69  69  71 178 225 227 226 225 171  77  72  72  69  68
  72  70  71  71  76 182 225 227 220 219 180  74  74  71  70  68
 208 206 206 208 212 119  61  56  55  56 110 211 205 201 202 208
 203 199 197 200 206 114  59  57  58  59 108 203 202 205 206 209
 206 200 201 200 202 108  62  58  62  67 124 202 198 204 203 205
 209 203 204 203 204 126  66  66  65  68 124 199 197 199 203 204
 203 200 207 206 202 124  66  66  67  70 131 206 200 201 204 206
 206 199 205 201 198 186 182 182 191 185 187 197 198 199 201 201
 206 204 204 196 197 200 198 194 197 202 203 201 199 198 198 205
 201 197 198 199 198 204 202 197 196 196 197 202 199 200 203 206
 204 200 201 201 199 198 200 201 201 200 199 200 204 205 202 206
 204 198 199 199 203 202 201 201 203 204 201 200 199 197 196 204
 166 173 179 183 172 194 200 201 200 200 201 176 182 181 177 162
  61  64  63  66  73 176 200 202 202 200 179  72  60  58  61  58
  55  52  54  57  63 174 199 201 202 203 163  67  57  52  51  51
  52  53  53  56  55 151 196 196 198 203 161  67  56  51  50  49
  53  53  52  54  57 160 195 197 198 197 154  59  50  49  49  51
  50  51  51  54  60 172 211 216 209 208 170  55  46  47  45  49

 238 245 254 252 251 255 254 252 245 249 166  89  75  75  76  82
 247 255 255 255 255 255 255 255 255 255 184  98  79  79  80  81
 253 255 255 255 255 255 255 255 255 255 187  98  84  82  81  82
 247 255 255 255 255 255 255 255 255 255 195 102  89  86  87  83
 244 255 255 255 254 255 255 255 255 254 187 104  98  88  95  85
 142 136 137 158 165 221 255 255 255 255 229 198 191 177 186 183
 102 100  93 101 104 206 255 255 255 255 255 255 255 255 255 238
 101 103  99  93 105 206 255 255 255 255 255 255 255 255 255 242
  94  96 100  95  91 196 255 255 255 255 255 255 255 255 255 242
  97  93  99 100  92 199 255 255 255 255 255 255 255 255 254 239
 145 142 131 150 151 220 255 255 255 255 236 206 204 191 194 185
 246 255 252 252 254 255 255 255 255 254 184 103  92  83  79  82
 248 255 255 255 255 255 255 255 255 255 190 103  87  80  78  78
 247 255 255 255 255 255 255 255 255 255 191 102  85  80  80  75
 247 255 255 255 255 255 255 255 255 255 191  91  81  82  81  74
 238 250 248 246 250 240 239 251 251 252 174  85  80  81  79  72
 225 220 221 223 222 222 223 222 222 227 164  74  69  68  68  68
 225 222 219 223 223 224 225 224 223 227 181  76  71  69  69  70
 227 223 223 226 225 227 227 225 223 226 184  78  73  71  72  71
 225 225 226 227 227 227 225 224 223 225 187  82  74  72  72  74
 222 224 224 227 225 226 224 226 225 225 181  82  77  75  77  74
 123 121 130 134 141 204 224 227 226 225 214 180 178 168 171 180
  74  74  76  75  79 194 224 228 226 225 226 219 226 225 225 219
  75  74  73  74  75 197 226 228 225 224 226 225 225 227 226 220
  74  76  77  77  74 189 225 228 226 226 226 226 225 228 227 227
  71  78  80  81  77 190 225 223 226 225 226 224 224 226 225 225
 120 118 116 137 134 201 224 225 225 225 214 189 187 168 178 182
 221 222 221 224 225 226 228 227 226 225 178  80  77  67  71  76
 224 225 222 224 224 224 227 226 226 226 185  78  73  68  69  71
 224 227 220 222 222 223 222 226 224 225 184  78  71  67  69  71
 223 226 224 224 224 226 225 227 224 225 178  75  71  66  66  70
 218 222 225 225 225 224 221 223 224 223 169  72  70  69  69  72
 208 209 205 204 206 201 205 206 206 204 162  58  51  49  51  49
 202 206 203 203 204 201 198 203 202 196 177  61  51  50  49  45
 201 205 204 199 201 199 198 200 205 197 181  58  52  51  49  47
 205 202 198 197 200 198 199 199 204 199 182  60  57  56  50  46
 211 203 202 199 206 197 201 202 200 200 176  72  67  67  59  55
 110 108 124 124 131 187 203 197 199 201 201 179 163 161 154 170
  56  59  67  68  70 185 202 196 200 204 200 200 203 203 197 208
  55  58  62  65  67 191 197 196 201 203 200 202 202 198 198 209
  56  57  58  66  66 182 194 197 201 201 201 202 201 196 197 216
  61  59  62  66  66 182 198 202 200 201 200 200 199 196 195 211
 119 114 108 126 124 186 200 204 198 202 194 176 174 151 160 172
 212 206 202 204 202 198 197 198 199 203 172  73  63  55  57  60
 208 200 200 203 206 201 196 199 201 199 183  66  57  56  54  54
 206 197 201 204 207 205 204 198 201 199 179  63  54  53  52  51
 206 199 200 203 200 199 204 197 200 198 173  64  52  53  53  51
 208 203 206 209 203 206 206 201 204 204 166  61  55  52  53  50

