  69  71  75  76  79 188 247 247 248 247 180  87  83  75  77  76
  74  75  79  80  88 200 255 255 255 255 194  83  80  76  77  80
  72  73  81  81  90 209 255 255 255 255 187  82  81  78  76  76
  78  74  76  80  92 206 255 255 255 255 170  91  84  82  82  75
  82  87  86  92  96 204 255 255 255 255 188  97  90  94  95  89
 193 192 197 205 205 242 255 255 255 255 240 205 198 209 208 196
 252 255 255 255 255 255 255 255 255 255 255 255 255 255 255 250
 251 255 255 255 255 255 255 255 255 255 255 255 255 255 255 252
 250 255 255 255 255 255 255 255 255 255 255 255 255 255 255 250
 247 255 255 255 255 255 255 255 255 255 255 255 255 255 255 255
 254 255 255 255 255 255 255 255 255 255 255 255 255 255 255 254
 254 255 255 255 255 255 255 255 255 255 255 255 255 255 255 250
 255 255 255 255 255 255 255 255 255 255 255 255 255 255 255 251
 251 255 255 255 255 255 255 255 255 255 255 255 255 255 255 253
 250 255 255 255 255 255 255 255 255 255 255 255 255 255 255 251
 246 250 248 248 249 250 248 249 248 250 249 249 249 251 249 240
  62  60  66  67  74 178 224 226 225 221 166  71  68  71  69  70
  63  65  66  66  72 185 220 225 226 223 175  73  70  69  71  70
  65  65  67  70  73 189 225 226 227 226 171  78  72  71  73  73
  69  69  76  74  78 182 225 227 225 224 160  77  72  72  72  72
  71  70  75  76  86 189 223 224 224 225 175  78  73  72  72  72
 183 181 189 191 186 218 223 224 225 224 216 194 188 201 196 188
 225 223 220 222 225 226 225 223 229 229 229 224 224 222 223 224
 223 221 222 224 223 225 224 222 224 226 227 225 225 227 223 223
 226 225 224 226 225 224 225 226 225 225 227 228 226 226 226 225
 224 223 226 227 225 223 228 228 228 230 226 227 225 226 228 224
 220 225 226 225 227 230 229 227 225 227 227 227 230 226 226 224
 225 227 227 225 225 229 226 224 229 229 228 226 226 226 226 226
 228 227 230 228 226 229 228 230 230 231 229 230 230 230 229 226
 229 230 228 227 226 225 228 226 230 231 229 229 230 229 227 225
 226 229 229 229 226 228 232 229 228 230 230 229 229 228 227 226
 228 226 227 229 228 226 225 228 228 230 230 230 229 228 229 225
  41  51  49  48  62 166 205 205 206 206 156  56  52  51  51  51
  41  46  48  48  59 174 202 201 201 200 165  58  53  52  50  48
  47  48  49  52  60 175 200 201 202 199 149  58  53  52  49  45
  49  49  50  50  62 169 200 197 201 201 151  63  55  52  49  47
  51  55  60  63  67 173 202 203 199 200 161  68  64  62  67  58
 176 173 184 184 182 203 202 201 201 202 199 184 181 194 186 181
 199 198 202 201 199 201 202 201 198 200 199 204 207 204 203 206
 207 205 202 202 202 201 204 205 201 201 200 201 203 202 204 207
 206 200 202 202 202 203 203 202 200 201 205 202 203 204 203 207
 208 200 199 201 203 205 202 201 200 203 205 204 202 204 202 204
 211 198 198 200 201 202 201 205 206 202 204 207 203 205 208 209
 207 203 205 208 205 203 205 206 206 204 203 208 208 208 206 206
 210 201 204 206 205 205 203 203 203 202 203 204 201 202 204 210
 206 205 207 207 204 205 207 206 204 202 205 208 204 200 202 204
 212 203 203 205 206 206 205 202 203 205 201 207 204 202 204 207
 212 208 209 209 210 209 211 211 209 207 209 208 207 206 210 214

  76  80  76  75  89 196 250 252 250 255 254 250 251 253 251 240
  77  77  76  82  95 208 255 255 255 255 255 255 255 255 255 249
  75  76  78  82  94 209 255 255 255 255 255 255 255 255 255 251
  83  80  81  84  90 198 255 255 255 255 255 255 255 255 255 249
  87  83  82  91  97 205 255 255 255 255 255 255 255 255 255 249
 180 194 187 170 188 240 255 255 255 255 255 255 255 255 255 249
 247 255 255 255 255 255 255 255 255 255 255 255 255 255 255 250
 248 255 255 255 255 255 255 255 255 255 255 255 255 255 255 248
 247 255 255 255 255 255 255 255 255 255 255 255 255 255 255 249
 247 255 255 255 255 255 255 255 255 255 255 255 255 255 255 248
 188 200 209 206 204 242 255 255 255 255 255 255 255 255 255 250
  79  88  90  92  96 205 255 255 255 255 255 255 255 255 255 249
  76  80  81  80  92 205 255 255 255 255 255 255 255 255 255 248
  75  79  81  76  86 197 255 255 255 255 255 255 255 255 255 248
  71  75  73  74  87 192 255 255 255 255 255 255 255 255 255 250
  69  74  72  78  82 193 252 251 250 247 254 254 255 251 250 246
  70  70  73  72  72 188 224 223 225 224 224 226 226 225 226 225
  69  71  73  72  72 196 223 223 226 228 226 226 229 227 227 229
  71  69  71  72  72 201 222 227 226 226 226 226 230 229 228 228
  68  70  72  72  73 188 224 225 226 225 230 226 230 230 229 229
  71  73  78  77  78 194 224 225 228 227 227 226 230 229 229 230
 166 175 171 160 175 216 229 227 227 226 227 228 229 229 230 230
 221 223 226 224 225 224 229 226 225 230 227 229 231 231 230 230
 225 226 227 225 224 225 229 224 225 228 225 229 230 230 228 228
 226 225 226 227 224 224 223 222 226 228 227 224 230 226 229 228
 224 220 225 225 223 223 225 224 225 228 229 226 228 228 232 225
 178 185 189 182 189 218 226 225 224 223 230 229 229 225 228 226
  74  72  73  78  86 186 225 223 225 225 227 225 226 226 226 228
  67  66  70  74  76 191 222 224 226 227 225 225 228 227 229 229
  66  66  67  76  75 189 220 222 224 226 226 227 230 228 229 227
  60  65  65  69  70 181 223 221 225 223 225 227 227 230 229 226
  62  63  65  69  71 183 225 223 226 224 220 225 228 229 226 228
  51  48  45  47  58 181 206 207 207 204 209 206 210 204 207 214
  51  50  49  49  67 186 203 204 203 202 208 206 204 202 204 210
  51  52  52  52  62 194 204 202 204 204 205 208 202 200 202 206
  52  53  53  55  64 181 207 203 203 202 203 208 201 204 204 207
  56  58  58  63  68 184 204 201 202 204 207 208 204 208 207 208
 156 165 149 151 161 199 199 200 205 205 204 203 203 205 201 209
 206 200 199 201 200 202 200 201 201 203 202 204 202 202 205 207
 206 201 202 201 199 201 198 201 200 200 206 206 203 204 203 209
 205 201 201 197 203 201 201 205 202 201 205 206 203 206 202 211
 205 202 200 200 202 202 202 204 203 202 201 205 203 207 205 211
 166 174 175 169 173 203 201 201 203 205 202 203 205 205 206 209
  62  59  60  62  67 182 199 202 202 203 201 205 205 204 206 210
  48  48  52  50  63 184 201 202 202 201 200 208 206 207 205 209
  49  48  49  50  60 184 202 202 202 199 198 205 204 207 203 209
  51  46  48  49  55 173 198 205 200 200 198 203 201 205 203 208
  41  41  47  49  51 176 199 207 206 208 211 207 210 206 212 212

 240 249 251 249 249 249 250 248 249 248 250 249 248 248 250 246
 251 255 255 255 255 255 255 255 255 255 255 255 255 255 255 250
 253 255 255 255 255 255 255 255 255 255 255 255 255 255 255 251
 251 255 255 255 255 255 255 255 255 255 255 255 255 255 255 255
 250 255 255 255 255 255 255 255 255 255 255 255 255 255 255 254
 254 255 255 255 255 255 255 255 255 255 255 255 255 255 255 254
 255 255 255 255 255 255 255 255 255 255 255 255 255 255 255 247
 250 255 255 255 255 255 255 255 255 255 255 255 255 255 255 250
 252 255 255 255 255 255 255 255 255 255 255 255 255 255 255 251
 250 255 255 255 255 255 255 255 255 255 255 255 255 255 255 252
 196 208 209 198 205 240 255 255 255 255 242 205 205 197 192 193
  89  95  94  90  97 188 255 255 255 255 204  96  92  86  87  82
  75  82  82  84  91 170 255 255 255 255 206  92  80  76  74  78
  76  76  78  81  82 187 255 255 255 255 209  90  81  81  73  72
  80  77  76  80  83 194 255 255 255 255 200  88  80  79  75  74
  76  77  75  83  87 180 247 248 247 247 188  79  76  75  71  69
 225 229 228 229 230 230 230 228 228 225 226 228 229 227 226 228
 226 227 228 229 229 230 230 228 229 232 228 226 229 229 229 226
 225 227 229 230 229 229 231 230 226 228 225 226 227 228 230 229
 226 229 230 230 230 229 231 230 230 228 229 226 228 230 227 228
 226 226 226 226 226 228 229 229 224 226 229 225 225 227 227 225
 224 226 226 230 227 227 227 225 227 229 230 227 225 226 225 220
 224 228 226 225 227 226 230 228 228 228 223 225 227 226 223 224
 225 226 226 226 228 227 225 225 226 225 224 225 226 224 225 226
 223 223 227 225 225 227 226 224 222 224 225 223 224 222 221 223
 224 223 222 224 224 229 229 229 223 225 226 225 222 220 223 225
 188 196 201 188 194 216 224 225 224 223 218 186 191 189 181 183
  72  72  72  73  78 175 225 224 224 223 189  86  76  75  70  71
  72  72  72  72  77 160 224 225 227 225 182  78  74  76  69  69
  73  73  71  72  78 171 226 227 226 225 189  73  70  67  65  65
  70  71  69  70  73 175 223 226 225 220 185  72  66  66  65  63
  70  69  71  68  71 166 221 225 226 224 178  74  67  66  60  62
 214 210 206 207 208 209 207 209 211 211 209 210 209 209 208 212
 207 204 202 204 207 201 205 203 202 205 206 206 205 203 203 212
 204 202 200 204 208 205 202 204 206 207 205 204 207 207 205 206
 210 204 202 201 204 203 202 203 203 203 205 205 206 204 201 210
 206 206 208 208 208 203 204 206 206 205 203 205 208 205 203 207
 209 208 205 203 207 204 202 206 205 201 202 201 200 198 198 211
 204 202 204 202 204 205 203 200 201 202 205 203 201 199 200 208
 207 203 204 203 202 205 201 200 202 203 203 202 202 202 200 206
 207 204 202 203 201 200 201 201 205 204 201 202 202 202 205 207
 206 203 204 207 204 199 200 198 201 202 201 199 201 202 198 199
 181 186 194 181 184 199 202 201 201 202 203 182 184 184 173 176
  58  67  62  64  68 161 200 199 203 202 173  67  63  60  55  51
  47  49  52  55  63 151 201 201 197 200 169  62  50  50  49  49
  45  49  52  53  58 149 199 202 201 200 175  60  52  49  48  47
  48  50  52  53  58 165 200 201 201 202 174  59  48  48  46  41
  51  51  51  52  56 156 206 206 205 205 166  62  48  49  51  41

 246 250 251 255 254 254 247 250 251 252 193  82  78  72  74  69
 250 255 255 255 255 255 255 255 255 255 192  87  74  73  75  71
 248 255 255 255 255 255 255 255 255 255 197  86  76  81  79  75
 248 255 255 255 255 255 255 255 255 255 205  92  80  81  80  76
 249 255 255 255 255 255 255 255 255 255 205  96  92  90  88  79
 250 255 255 255 255 255 255 255 255 255 242 204 206 209 200 188
 248 255 255 255 255 255 255 255 255 255 255 255 255 255 255 247
 249 255 255 255 255 255 255 255 255 255 255 255 255 255 255 247
 248 255 255 255 255 255 255 255 255 255 255 255 255 255 255 248
 250 255 255 255 255 255 255 255 255 255 255 255 255 255 255 247
 249 255 255 255 255 255 255 255 255 255 240 188 170 187 194 180
 249 255 255 255 255 255 255 255 255 255 205  97  91  82  83  87
 249 255 255 255 255 255 255 255 255 255 198  90  84  81  80  83
 251 255 255 255 255 255 255 255 255 255 209  94  82  78  76  75
 249 255 255 255 255 255 255 255 255 255 208  95  82  76  77  77
 240 251 253 251 250 254 255 250 252 250 196  89  75  76  80  76
 228 226 229 228 225 220 224 226 223 225 183  71  69  65  63  62
 226 229 230 227 227 225 223 225 221 223 181  70  69  65  65  60
 227 229 228 230 227 226 226 224 222 220 189  75  76  67  66  66
 229 229 227 228 225 225 227 226 224 222 191  76  74  70  66  67
 228 226 226 226 225 227 225 225 223 225 186  86  78  73  72  74
 226 228 225 229 229 230 223 224 225 226 218 189 182 189 185 178
 225 232 228 228 226 229 228 225 224 225 223 223 225 225 220 224
 228 229 226 230 224 227 228 226 222 223 224 224 227 226 225 226
 228 228 230 230 229 225 228 225 224 229 225 224 225 227 226 225
 230 230 231 231 229 227 230 225 226 229 224 225 224 226 223 221
 230 230 229 229 228 227 226 227 227 229 216 175 160 171 175 166
 230 229 229 230 226 227 227 228 225 224 194  78  77  78  73  71
 229 229 230 230 226 230 225 226 225 224 188  73  72  72  70  68
 228 228 229 230 226 226 226 226 227 222 201  72  72  71  69  71
 229 227 227 229 226 226 228 226 223 223 196  72  72  73  71  69
 225 226 225 226 226 224 224 225 223 224 188  72  72  73  70  70
 212 212 206 210 207 211 208 206 207 199 176  51  49  47  41  41
 208 203 205 201 203 198 200 200 205 198 173  55  49  48  46  51
 209 203 207 204 205 198 199 202 202 202 184  60  50  49  48  49
 209 205 207 206 208 200 201 202 202 201 184  63  50  52  48  48
 210 206 204 205 205 201 203 202 202 199 182  67  62  60  59  62
 209 206 205 205 203 202 205 203 201 201 203 173 169 175 174 166
 211 205 207 203 205 201 202 203 204 202 202 202 200 200 202 205
 211 202 206 203 206 205 201 202 205 201 201 203 197 201 201 205
 209 203 204 203 206 206 200 200 201 198 201 199 201 202 201 206
 207 205 202 202 204 202 203 201 201 200 202 200 201 199 200 206
 209 201 205 203 203 204 205 205 200 199 199 161 151 149 165 156
 208 207 208 204 208 207 204 202 201 204 184  68  63  58  58  56
 207 204 204 201 208 203 202 203 203 207 181  64  55  53  53  52
 206 202 200 202 208 205 204 204 202 204 194  62  52  52  52  51
 210 204 202 204 206 208 202 203 204 203 186  67  49  49  50  51
 214 207 204 210 206 209 204 207 207 206 181  58  47  45  48  51

