  61  66  70  64  80 170 247 247 247 246 197  68  72  70  57  66
  64  65  65  66  83 176 255 255 255 255 218  80  75  65  57  64
  61  63  70  62  76 159 255 255 255 255 218  75  74  68  59  62
  63  68  80  73  73 171 255 254 255 255 215  79  73  70  65  59
  65  65  73  72  80 166 255 255 255 255 212  80  80  76  76  72
  67  64  69  73  76  86 109 107 118 109 135 202 203 211 210 202
  70  68  72  73  67  69  72  74  77  77 116 253 255 255 255 251
  68  63  70  73  73  69  73  74  79  81 123 250 255 255 255 252
  70  71  75  72  74  70  72  75  81  85 121 251 255 255 255 246
  72  78  78  72  75  79  78  79  82  89 130 253 255 255 255 250
 138 130 136 143 128 134 145 136 145 147 171 255 255 255 255 251
 251 255 255 255 255 255 255 255 255 255 255 255 255 255 255 254
 254 255 255 255 255 255 255 255 255 255 255 255 255 255 255 255
 254 255 255 255 255 255 255 255 255 255 255 255 255 255 255 251
 250 255 255 255 255 255 255 255 255 255 255 255 255 255 255 251
 243 248 248 248 247 248 248 248 247 248 249 247 248 247 247 244
  62  59  60  62  66 149 220 220 220 217 183  60  60  63  61  61
  57  57  60  62  67 155 218 221 220 219 184  61  59  61  61  61
  60  62  59  62  72 153 222 223 222 222 185  60  58  56  59  58
  61  61  58  60  70 160 223 222 222 222 188  65  62  59  58  57
  60  59  56  58  66 149 221 221 222 220 193  67  65  62  65  60
  59  58  57  61  62  77  99 102 110 103 130 190 185 197 193 187
  57  55  56  60  63  62  57  65  67  74 110 224 223 223 220 221
  55  57  58  59  59  56  58  62  66  67 113 222 223 224 224 223
  55  55  58  60  58  56  58  65  65  66 111 226 225 225 226 222
  57  56  60  60  60  60  58  64  63  67 114 225 225 227 226 226
 131 124 123 135 122 120 133 127 135 139 163 229 227 228 228 224
 222 223 223 223 227 225 223 224 223 225 228 228 230 228 226 224
 224 224 224 221 223 223 224 227 226 227 227 227 231 230 228 222
 224 226 224 223 225 226 226 229 228 228 229 228 230 229 230 226
 224 226 225 226 227 226 231 229 228 228 230 229 228 229 230 224
 226 226 227 227 224 226 227 229 227 226 228 226 229 229 228 228
  42  52  50  48  54 141 209 206 208 207 173  52  51  44  43  41
  45  45  47  47  51 144 206 204 206 200 171  51  50  44  42  45
  38  41  46  44  47 144 203 202 203 204 175  57  49  50  50  50
  40  45  46  43  53 151 207 205 204 204 170  53  49  44  45  48
  42  46  49  42  52 141 205 206 205 205 179  47  53  56  53  46
  43  47  46  44  48  73  90  97 102  95 125 184 179 184 188 176
  44  48  50  48  45  50  52  55  55  55  98 207 205 202 205 204
  46  47  48  45  47  52  50  49  53  57 112 210 204 205 204 203
  43  48  45  44  52  51  47  46  47  55  99 207 203 208 204 207
  43  53  51  54  51  53  53  48  52  56 112 212 208 207 205 204
 130 116 116 131 118 115 130 124 133 138 160 209 206 204 205 207
 210 206 208 207 203 205 208 203 209 207 206 208 207 209 213 211
 211 206 207 210 210 210 208 210 210 210 211 210 207 210 210 208
 210 205 206 209 208 209 211 208 210 210 210 210 210 210 210 211
 219 209 211 210 209 207 205 210 213 209 205 206 212 210 207 211
 217 215 216 212 210 216 214 213 214 215 215 212 217 210 212 211

  66  64  62  59  72 202 251 252 246 250 251 254 255 251 251 244
  57  57  59  65  76 210 255 255 255 255 255 255 255 255 255 247
  70  65  68  70  76 211 255 255 255 255 255 255 255 255 255 247
  72  75  74  73  80 203 255 255 255 255 255 255 255 255 255 248
  68  80  75  79  80 202 253 250 251 253 255 255 255 255 255 247
 197 218 218 215 212 135 116 123 121 130 171 255 255 255 255 249
 246 255 255 255 255 109  77  81  85  89 147 255 255 255 255 248
 247 255 255 255 255 118  77  79  81  82 145 255 255 255 255 247
 247 255 255 254 255 107  74  74  75  79 136 255 255 255 255 248
 247 255 255 255 255 109  72  73  72  78 145 255 255 255 255 248
 170 176 159 171 166  86  69  69  70  79 134 255 255 255 255 248
  80  83  76  73  80  76  67  73  74  75 128 255 255 255 255 247
  64  66  62  73  72  73  73  73  72  72 143 255 255 255 255 248
  70  65  70  80  73  69  72  70  75  78 136 255 255 255 255 248
  66  65  63  68  65  64  68  63  71  78 130 255 255 255 255 248
  61  64  61  63  65  67  70  68  70  72 138 251 254 254 250 243
  61  61  58  57  60 187 221 223 222 226 224 224 222 226 224 228
  61  61  59  58  65 193 220 224 226 226 228 226 228 230 230 228
  63  61  56  59  62 197 223 224 225 227 228 228 230 229 229 229
  60  59  58  62  65 185 223 223 225 225 227 230 231 230 228 229
  60  61  60  65  67 190 224 222 226 225 229 228 227 228 229 226
 183 184 185 188 193 130 110 113 111 114 163 228 227 229 230 228
 217 219 222 222 220 103  74  67  66  67 139 225 227 228 228 226
 220 220 222 222 222 110  67  66  65  63 135 223 226 228 228 227
 220 221 223 222 221 102  65  62  65  64 127 224 227 229 229 229
 220 218 222 223 221  99  57  58  58  58 133 223 224 226 231 227
 149 155 153 160 149  77  62  56  56  60 120 225 223 226 226 226
  66  67  72  70  66  62  63  59  58  60 122 227 223 225 227 224
  62  62  62  60  58  61  60  59  60  60 135 223 221 223 226 227
  60  60  59  58  56  57  56  58  58  60 123 223 224 224 225 227
  59  57  62  61  59  58  55  57  55  56 124 223 224 226 226 226
  62  57  60  61  60  59  57  55  55  57 131 222 224 224 224 226
  41  45  50  48  46 176 204 203 207 204 207 211 208 211 211 211
  43  42  50  45  53 188 205 204 204 205 205 213 210 210 207 212
  44  44  50  44  56 184 202 205 208 207 204 209 210 210 210 210
  51  50  49  49  53 179 205 204 203 208 206 207 207 210 212 217
  52  51  57  53  47 184 207 210 207 212 209 208 210 210 206 212
 173 171 175 170 179 125  98 112  99 112 160 206 211 210 205 215
 207 200 204 204 205  95  55  57  55  56 138 207 210 210 209 215
 208 206 203 204 205 102  55  53  47  52 133 209 210 210 213 214
 206 204 202 205 206  97  55  49  46  48 124 203 210 208 210 213
 209 206 203 207 205  90  52  50  47  53 130 208 208 211 205 214
 141 144 144 151 141  73  50  52  51  53 115 205 210 209 207 216
  54  51  47  53  52  48  45  47  52  51 118 203 210 208 209 210
  48  47  44  43  42  44  48  45  44  54 131 207 210 209 210 212
  50  47  46  46  49  46  50  48  45  51 116 208 207 206 211 216
  52  45  41  45  46  47  48  47  48  53 116 206 206 205 209 215
  42  45  38  40  42  43  44  46  43  43 130 210 211 210 219 217

 244 247 247 248 247 249 248 247 248 248 248 247 248 248 248 243
 251 255 255 255 255 255 255 255 255 255 255 255 255 255 255 250
 251 255 255 255 255 255 255 255 255 255 255 255 255 255 255 254
 255 255 255 255 255 255 255 255 255 255 255 255 255 255 255 254
 254 255 255 255 255 255 255 255 255 255 255 255 255 255 255 251
 251 255 255 255 255 171 147 145 136 145 134 128 143 136 130 138
 250 255 255 255 253 130  89  82  79  78  79  75  72  78  78  72
 246 255 255 255 251 121  85  81  75  72  70  74  72  75  71  70
 252 255 255 255 250 123  81  79  74  73  69  73  73  70  63  68
 251 255 255 255 253 116  77  77  74  72  69  67  73  72  68  70
 202 210 211 203 202 135 109 118 107 109  86  76  73  69  64  67
  72  76  76  80  80 212 255 255 255 255 166  80  72  73  65  65
  59  65  70  73  79 215 255 255 254 255 171  73  73  80  68  63
  62  59  68  74  75 218 255 255 255 255 159  76  62  70  63  61
  64  57  65  75  80 218 255 255 255 255 176  83  66  65  65  64
  66  57  70  72  68 197 246 247 247 247 170  80  64  70  66  61
 228 228 229 229 226 228 226 227 229 227 226 224 227 227 226 226
 224 230 229 228 229 230 228 228 229 231 226 227 226 225 226 224
 226 230 229 230 228 229 228 228 229 226 226 225 223 224 226 224
 222 228 230 231 227 227 227 226 227 224 223 223 221 224 224 224
 224 226 228 230 228 228 225 223 224 223 225 227 223 223 223 222
 224 228 228 227 229 163 139 135 127 133 120 122 135 123 124 131
 226 226 227 225 225 114  67  63  64  58  60  60  60  60  56  57
 222 226 225 225 226 111  66  65  65  58  56  58  60  58  55  55
 223 224 224 223 222 113  67  66  62  58  56  59  59  58  57  55
 221 220 223 223 224 110  74  67  65  57  62  63  60  56  55  57
 187 193 197 185 190 130 103 110 102  99  77  62  61  57  58  59
  60  65  62  65  67 193 220 222 221 221 149  66  58  56  59  60
  57  58  59  62  65 188 222 222 222 223 160  70  60  58  61  61
  58  59  56  58  60 185 222 222 223 222 153  72  62  59  62  60
  61  61  61  59  61 184 219 220 221 218 155  67  62  60  57  57
  61  61  63  60  60 183 217 220 220 220 149  66  62  60  59  62
 211 212 210 217 212 215 215 214 213 214 216 210 212 216 215 217
 211 207 210 212 206 205 209 213 210 205 207 209 210 211 209 219
 211 210 210 210 210 210 210 210 208 211 209 208 209 206 205 210
 208 210 210 207 210 211 210 210 210 208 210 210 210 207 206 211
 211 213 209 207 208 206 207 209 203 208 205 203 207 208 206 210
 207 205 204 206 209 160 138 133 124 130 115 118 131 116 116 130
 204 205 207 208 212 112  56  52  48  53  53  51  54  51  53  43
 207 204 208 203 207  99  55  47  46  47  51  52  44  45  48  43
 203 204 205 204 210 112  57  53  49  50  52  47  45  48  47  46
 204 205 202 205 207  98  55  55  55  52  50  45  48  50  48  44
 176 188 184 179 184 125  95 102  97  90  73  48  44  46  47  43
  46  53  56  53  47 179 205 205 206 205 141  52  42  49  46  42
  48  45  44  49  53 170 204 204 205 207 151  53  43  46  45  40
  50  50  50  49  57 175 204 203 202 203 144  47  44  46  41  38
  45  42  44  50  51 171 200 206 204 206 144  51  47  47  45  45
  41  43  44  51  52 173 207 208 206 209 141  54  48  50  52  42

 243 250 254 254 251 138  72  70  68  70  67  65  63  61  64  61
 248 255 255 255 255 130  78  71  63  68  64  65  68  63  65  66
 248 255 255 255 255 136  78  75  70  72  69  73  80  70  65  70
 248 255 255 255 255 143  72  72  73  73  73  72  73  62  66  64
 247 255 255 255 255 128  75  74  73  67  76  80  73  76  83  80
 248 255 255 255 255 134  79  70  69  69  86 166 171 159 176 170
 248 255 255 255 255 145  78  72  73  72 109 255 255 255 255 247
 248 255 255 255 255 136  79  75  74  74 107 255 254 255 255 247
 247 255 255 255 255 145  82  81  79  77 118 255 255 255 255 247
 248 255 255 255 255 147  89  85  81  77 109 255 255 255 255 246
 249 255 255 255 255 171 130 121 123 116 135 212 215 218 218 197
 247 255 255 255 255 255 253 251 250 253 202  80  79  75  80  68
 248 255 255 255 255 255 255 255 255 255 203  80  73  74  75  72
 247 255 255 255 255 255 255 255 255 255 211  76  70  68  65  70
 247 255 255 255 255 255 255 255 255 255 210  76  65  59  57  57
 244 251 251 255 254 251 250 246 252 251 202  72  59  62  64  66
 226 224 224 224 222 131  57  55  55  57  59  60  61  60  57  62
 226 226 226 224 223 124  56  55  57  55  58  59  61  62  57  59
 227 225 224 224 223 123  60  58  58  56  57  56  58  59  60  60
 227 226 223 221 223 135  60  60  59  60  61  58  60  62  62  62
 224 227 225 223 227 122  60  58  59  63  62  66  70  72  67  66
 226 226 226 223 225 120  60  56  56  62  77 149 160 153 155 149
 227 231 226 224 223 133  58  58  58  57  99 221 223 222 218 220
 229 229 229 227 224 127  64  65  62  65 102 221 222 223 221 220
 227 228 228 226 223 135  63  65  66  67 110 222 222 222 220 220
 226 228 228 227 225 139  67  66  67  74 103 220 222 222 219 217
 228 230 229 227 228 163 114 111 113 110 130 193 188 185 184 183
 226 229 228 227 228 229 225 226 222 224 190  67  65  60  61  60
 229 228 230 231 230 227 225 225 223 223 185  65  62  58  59  60
 229 229 229 230 228 228 227 225 224 223 197  62  59  56  61  63
 228 230 230 228 226 228 226 226 224 220 193  65  58  59  61  61
 228 224 226 222 224 224 226 222 223 221 187  60  57  58  61  61
 217 219 210 211 210 130  43  43  46  44  43  42  40  38  45  42
 215 209 205 206 206 116  53  48  47  48  47  46  45  41  45  52
 216 211 206 207 208 116  51  45  48  50  46  49  46  46  47  50
 212 210 209 210 207 131  54  44  45  48  44  42  43  44  47  48
 210 209 208 210 203 118  51  52  47  45  48  52  53  47  51  54
 216 207 209 210 205 115  53  51  52  50  73 141 151 144 144 141
 214 205 211 208 208 130  53  47  50  52  90 205 207 203 206 209
 213 210 208 210 203 124  48  46  49  55  97 206 205 202 204 206
 214 213 210 210 209 133  52  47  53  55 102 205 204 203 206 208
 215 209 210 210 207 138  56  55  57  55  95 205 204 204 200 207
 215 205 210 211 206 160 112  99 112  98 125 179 170 175 171 173
 212 206 210 210 208 209 212 207 210 207 184  47  53  57  51  52
 217 212 210 207 207 206 208 203 204 205 179  53  49  49  50  51
 210 210 210 210 209 204 207 208 205 202 184  56  44  50  44  44
 212 207 210 210 213 205 205 204 204 205 188  53  45  50  42  43
 211 211 211 208 211 207 204 207 203 204 176  46  48  50  45  41

