 241 249 249 249 243 127  85  84  87  94 151 245 248 249 250 243
 252 255 255 255 254 130  89  89  90  91 144 250 255 255 255 249
 247 255 255 255 254 136  87  88  89  91 153 253 255 255 255 253
 249 255 255 255 251 136  91  88  88  92 135 253 255 255 255 251
 252 255 255 255 251 135 102 107 105 102 144 248 253 251 248 245
 250 255 255 255 251 219 204 203 201 201 174 113 123 121 111 112
 254 255 255 255 255 255 255 255 255 255 202 101  97  93  97 103
 249 255 255 255 255 255 255 255 255 255 194  98  93  92  95 103
 252 255 255 255 255 255 255 255 255 255 201 107  99  95  93  95
 245 255 255 255 255 255 255 255 255 255 201 102 100  95  91  88
 183 195 189 186 189 240 255 255 255 255 217 103 102  97  93  92
  86  91 101  94 103 194 255 255 255 255 210 101 103  99  97  94
  91  89  98 103 105 182 255 255 255 255 210 101 104 101  98  99
  96  98 101 104 107 193 255 255 255 255 218 107 106 103 102 103
  98 100 101 106 108 186 255 255 255 255 207 109 107 107 108 109
  97 100  99 106 110 181 248 249 249 247 211 111 112 112 111 111
 226 228 228 227 225 115  76  72  71  76 138 228 227 228 232 230
 225 228 230 229 225 117  75  71  71  77 138 227 229 231 232 226
 230 232 232 232 231 125  78  74  73  76 140 227 230 229 228 228
 229 232 234 235 231 125  80  78  74  76 131 229 232 231 227 231
 228 231 231 232 232 126  83  79  76  78 132 231 230 227 227 226
 229 233 231 229 229 212 197 197 195 193 169 109 111 114 105 105
 232 231 231 232 233 231 230 228 227 229 185  78  77  76  76  73
 230 230 230 231 233 232 232 233 229 227 187  73  75  76  75  73
 230 230 229 231 231 231 232 232 232 229 178  77  74  75  76  74
 229 229 230 230 232 231 233 232 231 230 186  74  75  75  76  75
 171 185 184 180 180 220 231 231 232 232 196  77  74  75  75  75
  71  77  75  76  85 177 232 232 234 233 185  74  74  75  75  74
  75  77  74  76  83 176 232 231 234 233 191  73  72  74  76  74
  74  74  73  75  77 179 233 232 233 230 198  74  73  74  77  73
  75  74  74  76  79 179 231 233 234 233 195  78  74  73  75  75
  75  74  77  76  78 167 228 230 233 228 190  76  78  77  80  76
 216 212 212 216 217 111  59  55  54  58 129 220 215 216 215 216
 211 207 208 209 210 103  59  55  54  61 132 212 208 203 202 210
 210 204 206 205 207 107  59  57  55  59 131 208 206 205 204 210
 214 205 205 204 208 116  62  58  61  64 124 207 203 206 207 213
 207 206 207 208 212 118  71  68  69  72 126 209 207 208 213 216
 214 207 207 211 215 206 192 191 190 187 163 103 101 109 102 103
 212 205 207 209 210 210 211 211 211 207 173  67  62  59  59  60
 211 208 212 212 209 210 209 209 212 213 182  65  62  56  57  57
 210 206 206 209 210 210 210 210 210 210 169  69  61  57  57  57
 216 205 206 205 206 209 210 210 211 207 175  60  58  58  56  54
 163 178 176 175 173 206 209 212 210 207 175  60  57  55  55  55
  65  58  63  65  71 170 209 210 206 205 176  66  58  54  51  54
  59  58  65  68  70 175 208 211 206 203 177  64  63  55  51  55
  60  60  63  66  68 170 208 211 209 205 185  72  65  58  54  61
  59  59  60  61  67 177 209 208 205 204 186  70  65  64  64  63
  57  60  60  60  66 162 213 210 212 210 178  63  64  67  65  65

 243 249 253 251 245 112 103 103  95  88  92  94  99 103 109 111
 250 255 255 255 248 111  97  95  93  91  93  97  98 102 108 111
 249 255 255 255 251 121  93  92  95  95  97  99 101 103 107 112
 248 255 255 255 253 123  97  93  99 100 102 103 104 106 107 112
 245 250 253 253 248 113 101  98 107 102 103 101 101 107 109 111
 151 144 153 135 144 174 202 194 201 201 217 210 210 218 207 211
  94  91  91  92 102 201 255 255 255 255 255 255 255 255 255 247
  87  90  89  88 105 201 255 255 255 255 255 255 255 255 255 249
  84  89  88  88 107 203 255 255 255 255 255 255 255 255 255 249
  85  89  87  91 102 204 255 255 255 255 255 255 255 255 255 248
 127 130 136 136 135 219 255 255 255 255 240 194 182 193 186 181
 243 254 254 251 251 251 255 255 255 255 189 103 105 107 108 110
 249 255 255 255 255 255 255 255 255 255 186  94 103 104 106 106
 249 255 255 255 255 255 255 255 255 255 189 101  98 101 101  99
 249 255 255 255 255 255 255 255 255 255 195  91  89  98 100 100
 241 252 247 249 252 250 254 249 252 245 183  86  91  96  98  97
 230 226 228 231 226 105  73  73  74  75  75  74  74  73  75  76
 232 232 228 227 227 105  76  75  76  76  75  75  76  77  75  80
 228 231 229 231 227 114  76  76  75  75  75  75  74  74  73  77
 227 229 230 232 230 111  77  75  74  75  74  74  72  73  74  78
 228 227 227 229 231 109  78  73  77  74  77  74  73  74  78  76
 138 138 140 131 132 169 185 187 178 186 196 185 191 198 195 190
  76  77  76  76  78 193 229 227 229 230 232 233 233 230 233 228
  71  71  73  74  76 195 227 229 232 231 232 234 234 233 234 233
  72  71  74  78  79 197 228 233 232 232 231 232 231 232 233 230
  76  75  78  80  83 197 230 232 232 233 231 232 232 233 231 228
 115 117 125 125 126 212 231 232 231 231 220 177 176 179 179 167
 225 225 231 231 232 229 233 233 231 232 180  85  83  77  79  78
 227 229 232 235 232 229 232 231 231 230 180  76  76  75  76  76
 228 230 232 234 231 231 231 230 229 230 184  75  74  73  74  77
 228 228 232 232 231 233 231 230 230 229 185  77  77  74  74  74
 226 225 230 229 228 229 232 230 230 229 171  71  75  74  75  75
 216 210 210 213 216 103  60  57  57  54  55  54  55  61  63  65
 215 202 204 207 213 102  59  57  57  56  55  51  51  54  64  65
 216 203 205 206 208 109  59  56  57  58  55  54  55  58  64  67
 215 208 206 203 207 101  62  62  61  58  57  58  63  65  65  64
 220 212 208 207 209 103  67  65  69  60  60  66  64  72  70  63
 129 132 131 124 126 163 173 182 169 175 175 176 177 185 186 178
  58  61  59  64  72 187 207 213 210 207 207 205 203 205 204 210
  54  54  55  61  69 190 211 212 210 211 210 206 206 209 205 212
  55  55  57  58  68 191 211 209 210 210 212 210 211 211 208 210
  59  59  59  62  71 192 211 209 210 210 209 209 208 208 209 213
 111 103 107 116 118 206 210 210 210 209 206 170 175 170 177 162
 217 210 207 208 212 215 210 209 210 206 173  71  70  68  67  66
 216 209 205 204 208 211 209 212 209 205 175  65  68  66  61  60
 212 208 206 205 207 207 207 212 206 206 176  63  65  63  60  60
 212 207 204 205 206 207 205 208 206 205 178  58  58  60  59  60
 216 211 210 214 207 214 212 211 210 216 163  65  59  60  59  57

 111 111 112 112 111 211 247 249 249 248 181 110 106  99 100  97
 109 108 107 107 109 207 255 255 255 255 186 108 106 101 100  98
 103 102 103 106 107 218 255 255 255 255 193 107 104 101  98  96
  99  98 101 104 101 210 255 255 255 255 182 105 103  98  89  91
  94  97  99 103 101 210 255 255 255 255 194 103  94 101  91  86
  92  93  97 102 103 217 255 255 255 255 240 189 186 189 195 183
  88  91  95 100 102 201 255 255 255 255 255 255 255 255 255 245
  95  93  95  99 107 201 255 255 255 255 255 255 255 255 255 252
 103  95  92  93  98 194 255 255 255 255 255 255 255 255 255 249
 103  97  93  97 101 202 255 255 255 255 255 255 255 255 255 254
 112 111 121 123 113 174 201 201 203 204 219 251 255 255 255 250
 245 248 251 253 248 144 102 105 107 102 135 251 255 255 255 252
 251 255 255 255 253 135  92  88  88  91 136 251 255 255 255 249
 253 255 255 255 253 153  91  89  88  87 136 254 255 255 255 247
 249 255 255 255 250 144  91  90  89  89 130 254 255 255 255 252
 243 250 249 248 245 151  94  87  84  85 127 243 249 249 249 241
  76  80  77  78  76 190 228 233 230 228 167  78  76  77  74  75
  75  75  73  74  78 195 233 234 233 231 179  79  76  74  74  75
  73  77  74  73  74 198 230 233 232 233 179  77  75  73  74  74
  74  76  74  72  73 191 233 234 231 232 176  83  76  74  77  75
  74  75  75  74  74 185 233 234 232 232 177  85  76  75  77  71
  75  75  75  74  77 196 232 232 231 231 220 180 180 184 185 171
  75  76  75  75  74 186 230 231 232 233 231 232 230 230 229 229
  74  76  75  74  77 178 229 232 232 232 231 231 231 229 230 230
  73  75  76  75  73 187 227 229 233 232 232 233 231 230 230 230
  73  76  76  77  78 185 229 227 228 230 231 233 232 231 231 232
 105 105 114 111 109 169 193 195 197 197 212 229 229 231 233 229
 226 227 227 230 231 132  78  76  79  83 126 232 232 231 231 228
 231 227 231 232 229 131  76  74  78  80 125 231 235 234 232 229
 228 228 229 230 227 140  76  73  74  78 125 231 232 232 232 230
 226 232 231 229 227 138  77  71  71  75 117 225 229 230 228 225
 230 232 228 227 228 138  76  71  72  76 115 225 227 228 228 226
  65  65  67  64  63 178 210 212 210 213 162  66  60  60  60  57
  63  64  64  65  70 186 204 205 208 209 177  67  61  60  59  59
  61  54  58  65  72 185 205 209 211 208 170  68  66  63  60  60
  55  51  55  63  64 177 203 206 211 208 175  70  68  65  58  59
  54  51  54  58  66 176 205 206 210 209 170  71  65  63  58  65
  55  55  55  57  60 175 207 210 212 209 206 173 175 176 178 163
  54  56  58  58  60 175 207 211 210 210 209 206 205 206 205 216
  57  57  57  61  69 169 210 210 210 210 210 210 209 206 206 210
  57  57  56  62  65 182 213 212 209 209 210 209 212 212 208 211
  60  59  59  62  67 173 207 211 211 211 210 210 209 207 205 212
 103 102 109 101 103 163 187 190 191 192 206 215 211 207 207 214
 216 213 208 207 209 126  72  69  68  71 118 212 208 207 206 207
 213 207 206 203 207 124  64  61  58  62 116 208 204 205 205 214
 210 204 205 206 208 131  59  55  57  59 107 207 205 206 204 210
 210 202 203 208 212 132  61  54  55  59 103 210 209 208 207 211
 216 215 216 215 220 129  58  54  55  59 111 217 216 212 212 216

  97  98  96  91  86 183 245 252 249 254 250 252 249 247 252 241
 100 100  98  89  91 195 255 255 255 255 255 255 255 255 255 249
  99 101 101  98 101 189 255 255 255 255 255 255 255 255 255 249
 106 106 104 103  94 186 255 255 255 255 255 255 255 255 255 249
 110 108 107 105 103 189 255 255 255 255 251 251 251 254 254 243
 181 186 193 182 194 240 255 255 255 255 219 135 136 136 130 127
 248 255 255 255 255 255 255 255 255 255 204 102  91  87  89  85
 249 255 255 255 255 255 255 255 255 255 203 107  88  88  89  84
 249 255 255 255 255 255 255 255 255 255 201 105  88  89  90  87
 247 255 255 255 255 255 255 255 255 255 201 102  92  91  91  94
 211 207 218 210 210 217 201 201 194 202 174 144 135 153 144 151
 111 109 107 101 101 103 102 107  98 101 113 248 253 253 250 245
 112 107 106 104 103 102 100  99  93  97 123 253 255 255 255 248
 112 107 103 101  99  97  95  95  92  93 121 251 255 255 255 249
 111 108 102  98  97  93  91  93  95  97 111 248 255 255 255 250
 111 109 103  99  94  92  88  95 103 103 112 245 251 253 249 243
  75  75  74  75  71 171 229 230 230 232 229 228 229 230 225 226
  74  74  74  77  77 185 229 230 230 231 233 231 232 232 228 228
  77  74  73  74  75 184 230 229 230 231 231 231 234 232 230 228
  76  76  75  76  76 180 230 231 231 232 229 232 235 232 229 227
  78  79  77  83  85 180 232 231 233 233 229 232 231 231 225 225
 167 179 179 176 177 220 231 231 232 231 212 126 125 125 117 115
 228 231 233 232 232 231 233 232 232 230 197  83  80  78  75  76
 230 233 232 231 232 231 232 232 233 228 197  79  78  74  71  72
 233 234 233 234 234 232 231 232 229 227 195  76  74  73  71  71
 228 233 230 233 233 232 230 229 227 229 193  78  76  76  77  76
 190 195 198 191 185 196 186 178 187 185 169 132 131 140 138 138
  76  78  74  73  74  77  74  77  73  78 109 231 229 227 227 228
  78  74  73  72  74  74  75  74  75  77 111 230 232 230 229 227
  77  73  74  74  75  75  75  75  76  76 114 227 231 229 231 228
  80  75  77  76  75  75  76  76  75  76 105 227 227 228 232 232
  76  75  73  74  74  75  75  74  73  73 105 226 231 228 226 230
  57  59  60  59  65 163 216 210 211 212 214 207 214 210 211 216
  60  59  60  58  58 178 205 206 208 205 207 206 205 204 207 212
  60  60  63  65  63 176 206 206 212 207 207 207 205 206 208 212
  60  61  66  68  65 175 205 209 212 209 211 208 204 205 209 216
  66  67  68  70  71 173 206 210 209 210 215 212 208 207 210 217
 162 177 170 175 170 206 209 210 210 210 206 118 116 107 103 111
 213 209 208 208 209 209 210 210 209 211 192  71  62  59  59  59
 210 208 211 211 210 212 210 210 209 211 191  68  58  57  55  55
 212 205 209 206 206 210 211 210 212 211 190  69  61  55  54  54
 210 204 205 203 205 207 207 210 213 207 187  72  64  59  61  58
 178 186 185 177 176 175 175 169 182 173 163 126 124 131 132 129
  63  70  72  64  66  60  60  69  65  67 103 209 207 208 212 220
  64  65  65  63  58  57  58  61  62  62 101 207 203 206 208 215
  67  64  58  55  54  55  58  57  56  59 109 208 206 205 203 216
  65  64  54  51  51  55  56  57  57  59 102 213 207 204 202 215
  65  63  61  55  54  55  54  57  57  60 103 216 213 210 210 216

