  76  82  82  87  89 194 240 243 244 244 178  78  84  85  84  81
  78  83  82  83  87 203 255 255 255 255 180  76  79  75  75  81
  82  80  78  78  78 196 255 255 255 255 181  86  81  72  75  84
  83  77  81  83  80 203 255 255 255 255 184  85  88  86  87  87
  80  80  83  87  86 209 255 255 255 255 184  99  99  97  91  96
  80  78  84  92  95 225 255 255 255 255 233 202 200 199 197 201
  83  84  86  90  91 218 254 255 255 255 255 255 255 255 255 251
  83  83  85  96  96 220 255 255 255 255 255 255 255 255 255 255
  83  81  83  92  94 210 254 255 255 255 255 255 255 255 255 246
  88  88  92  98  97 197 255 255 255 255 255 255 255 255 255 242
 129 125 123 127 132 211 255 255 255 255 255 255 255 255 255 249
 244 248 249 249 250 251 255 255 255 255 255 255 255 255 255 251
 254 255 255 255 255 255 255 255 255 255 255 255 255 255 255 252
 255 255 255 255 255 255 255 255 255 255 255 255 255 255 255 252
 249 255 255 255 255 255 255 255 255 255 255 255 255 255 255 251
 244 248 248 249 249 249 250 250 249 249 249 250 250 250 249 248
  71  69  70  71  74 186 230 232 230 227 176  71  71  71  70  66
  70  69  69  74  81 190 228 231 231 232 178  73  72  72  70  68
  69  70  71  74  79 192 233 235 233 232 173  80  75  73  70  68
  70  71  69  72  74 198 231 233 231 231 174  76  74  70  68  69
  70  70  70  73  73 199 229 231 233 232 174  83  78  74  70  75
  70  71  72  77  78 204 231 231 233 233 222 197 195 193 192 201
  70  71  72  75  80 209 230 231 232 234 236 237 234 230 228 228
  70  69  71  74  77 200 235 232 232 232 234 234 232 233 233 228
  71  73  75  75  73 190 236 232 232 234 235 233 233 233 231 230
  73  77  79  78  82 185 232 231 232 234 234 233 233 232 231 229
 119 119 117 118 125 199 233 232 232 234 234 233 233 231 231 230
 229 230 229 230 231 231 234 235 234 233 233 233 233 233 233 232
 229 230 230 231 232 233 231 233 233 234 234 235 232 231 231 228
 232 234 233 232 231 231 231 232 232 235 235 233 231 231 231 230
 233 231 231 231 231 234 233 232 233 232 231 231 231 231 231 231
 227 228 227 230 229 228 232 231 231 231 233 232 232 232 230 229
  52  54  55  56  63 181 222 222 217 216 166  53  50  49  50  54
  54  55  56  56  62 173 210 211 209 209 157  60  55  53  57  53
  54  55  55  57  66 179 205 207 207 207 155  63  56  54  56  55
  54  56  56  58  68 188 208 207 209 211 152  59  60  58  60  57
  54  55  56  63  68 195 215 211 208 211 160  73  68  71  69  66
  54  53  54  59  65 194 213 210 210 207 206 191 190 190 190 201
  53  53  53  57  67 195 210 212 213 210 209 207 208 212 211 219
  55  57  56  61  65 185 210 211 214 212 210 209 210 209 208 218
  58  58  60  66  73 179 205 208 213 210 211 211 210 208 209 218
  65  62  59  64  73 175 211 211 213 210 210 211 211 211 211 221
 114 116 114 113 122 191 214 214 213 209 208 211 212 212 212 218
 217 213 216 217 218 213 210 210 211 210 211 212 211 211 210 212
 210 209 211 213 212 213 211 211 211 211 210 210 212 214 214 213
 211 209 211 211 212 211 211 211 210 210 211 211 213 214 212 213
 218 208 211 212 212 211 209 210 212 213 215 213 215 213 211 215
 218 213 213 217 219 217 216 216 214 214 216 215 216 216 214 214

  81  81  84  87  96 201 251 255 246 242 249 251 252 252 251 248
  84  75  75  87  91 197 255 255 255 255 255 255 255 255 255 249
  85  75  72  86  97 199 255 255 255 255 255 255 255 255 255 250
  84  79  81  88  99 200 255 255 255 255 255 255 255 255 255 250
  78  76  86  85  99 202 255 255 255 255 255 255 255 255 255 250
 178 180 181 184 184 233 255 255 255 255 255 255 255 255 255 249
 244 255 255 255 255 255 255 255 255 255 255 255 255 255 255 249
 244 255 255 255 255 255 255 255 255 255 255 255 255 255 255 249
 243 255 255 255 255 255 255 255 255 255 255 255 255 255 255 250
 240 255 255 255 255 255 254 255 254 255 255 255 255 255 255 250
 194 203 196 203 209 225 218 220 210 197 211 251 255 255 255 249
  89  87  78  80  86  95  91  96  94  97 132 250 255 255 255 249
  87  83  78  83  87  92  90  96  92  98 127 249 255 255 255 249
  82  82  78  81  83  84  86  85  83  92 123 249 255 255 255 248
  82  83  80  77  80  78  84  83  81  88 125 248 255 255 255 248
  76  78  82  83  80  80  83  83  83  88 129 244 254 255 249 244
  66  68  68  69  75 201 228 228 230 229 230 232 228 230 231 229
  70  70  70  68  70 192 228 233 231 231 231 233 231 231 231 230
  71  72  73  70  74 193 230 233 233 232 231 233 231 231 231 232
  71  72  75  74  78 195 234 232 233 233 233 233 232 231 231 232
  71  73  80  76  83 197 237 234 233 233 233 233 235 233 231 232
 176 178 173 174 174 222 236 234 235 234 234 233 234 235 231 233
 227 232 232 231 232 233 234 232 234 234 234 233 234 235 232 231
 230 231 233 231 233 233 232 232 232 232 232 234 233 232 233 231
 232 231 235 233 231 231 231 232 232 231 232 235 233 232 232 231
 230 228 233 231 229 231 230 235 236 232 233 234 231 231 233 232
 186 190 192 198 199 204 209 200 190 185 199 231 233 231 234 228
  74  81  79  74  73  78  80  77  73  82 125 231 232 231 231 229
  71  74  74  72  73  77  75  74  75  78 118 230 231 232 231 230
  70  69  71  69  70  72  72  71  75  79 117 229 230 233 231 227
  69  69  70  71  70  71  71  69  73  77 119 230 230 234 231 228
  71  70  69  70  70  70  70  70  71  73 119 229 229 232 233 227
  54  53  55  57  66 201 219 218 218 221 218 212 213 213 215 214
  50  57  56  60  69 190 211 208 209 211 212 210 214 212 211 214
  49  53  54  58  71 190 212 209 208 211 212 211 214 214 213 216
  50  55  56  60  68 190 208 210 210 211 212 211 212 213 215 216
  53  60  63  59  73 191 207 209 211 211 211 212 210 211 213 215
 166 157 155 152 160 206 209 210 211 210 208 211 210 211 215 216
 216 209 207 211 211 207 210 212 210 210 209 210 211 210 213 214
 217 209 207 209 208 210 213 214 213 213 213 211 211 210 212 214
 222 211 207 207 211 210 212 211 208 211 214 210 211 211 210 216
 222 210 205 208 215 213 210 210 205 211 214 210 211 211 209 216
 181 173 179 188 195 194 195 185 179 175 191 213 213 211 211 217
  63  62  66  68  68  65  67  65  73  73 122 218 212 212 212 219
  56  56  57  58  63  59  57  61  66  64 113 217 213 211 212 217
  55  56  55  56  56  54  53  56  60  59 114 216 211 211 211 213
  54  55  55  56  55  53  53  57  58  62 116 213 209 209 208 213
  52  54  54  54  54  54  53  55  58  65 114 217 210 211 218 218

 248 249 250 250 250 249 249 249 250 250 249 249 249 248 248 244
 251 255 255 255 255 255 255 255 255 255 255 255 255 255 255 249
 252 255 255 255 255 255 255 255 255 255 255 255 255 255 255 255
 252 255 255 255 255 255 255 255 255 255 255 255 255 255 255 254
 251 255 255 255 255 255 255 255 255 255 251 250 249 249 248 244
 249 255 255 255 255 255 255 255 255 255 211 132 127 123 125 129
 242 255 255 255 255 255 255 255 255 255 197  97  98  92  88  88
 246 255 255 255 255 255 255 255 255 254 210  94  92  83  81  83
 255 255 255 255 255 255 255 255 255 255 220  96  96  85  83  83
 251 255 255 255 255 255 255 255 255 254 218  91  90  86  84  83
 201 197 199 200 202 233 255 255 255 255 225  95  92  84  78  80
  96  91  97  99  99 184 255 255 255 255 209  86  87  83  80  80
  87  87  86  88  85 184 255 255 255 255 203  80  83  81  77  83
  84  75  72  81  86 181 255 255 255 255 196  78  78  78  80  82
  81  75  75  79  76 180 255 255 255 255 203  87  83  82  83  78
  81  84  85  84  78 178 244 244 243 240 194  89  87  82  82  76
 229 230 232 232 232 233 231 231 231 232 228 229 230 227 228 227
 231 231 231 231 231 231 232 233 232 233 234 231 231 231 231 233
 230 231 231 231 233 235 235 232 232 231 231 231 232 233 234 232
 228 231 231 232 235 234 234 233 233 231 233 232 231 230 230 229
 232 233 233 233 233 233 233 234 235 234 231 231 230 229 230 229
 230 231 231 233 233 234 234 232 232 233 199 125 118 117 119 119
 229 231 232 233 233 234 234 232 231 232 185  82  78  79  77  73
 230 231 233 233 233 235 234 232 232 236 190  73  75  75  73  71
 228 233 233 232 234 234 232 232 232 235 200  77  74  71  69  70
 228 228 230 234 237 236 234 232 231 230 209  80  75  72  71  70
 201 192 193 195 197 222 233 233 231 231 204  78  77  72  71  70
  75  70  74  78  83 174 232 233 231 229 199  73  73  70  70  70
  69  68  70  74  76 174 231 231 233 231 198  74  72  69  71  70
  68  70  73  75  80 173 232 233 235 233 192  79  74  71  70  69
  68  70  72  72  73 178 232 231 231 228 190  81  74  69  69  70
  66  70  71  71  71 176 227 230 232 230 186  74  71  70  69  71
 214 214 216 216 215 216 214 214 216 216 217 219 217 213 213 218
 215 211 213 215 213 215 213 212 210 209 211 212 212 211 208 218
 213 212 214 213 211 211 210 210 211 211 211 212 211 211 209 211
 213 214 214 212 210 210 211 211 211 211 213 212 213 211 209 210
 212 210 211 211 212 211 210 211 210 210 213 218 217 216 213 217
 218 212 212 212 211 208 209 213 214 214 191 122 113 114 116 114
 221 211 211 211 211 210 210 213 211 211 175  73  64  59  62  65
 218 209 208 210 211 211 210 213 208 205 179  73  66  60  58  58
 218 208 209 210 209 210 212 214 211 210 185  65  61  56  57  55
 219 211 212 208 207 209 210 213 212 210 195  67  57  53  53  53
 201 190 190 190 191 206 207 210 210 213 194  65  59  54  53  54
  66  69  71  68  73 160 211 208 211 215 195  68  63  56  55  54
  57  60  58  60  59 152 211 209 207 208 188  68  58  56  56  54
  55  56  54  56  63 155 207 207 207 205 179  66  57  55  55  54
  53  57  53  55  60 157 209 209 211 210 173  62  56  56  55  54
  54  50  49  50  53 166 216 217 222 222 181  63  56  55  54  52

 244 249 255 254 244 129  88  83  83  83  80  80  83  82  78  76
 248 255 255 255 248 125  88  81  83  84  78  80  77  80  83  82
 248 255 255 255 249 123  92  83  85  86  84  83  81  78  82  82
 249 255 255 255 249 127  98  92  96  90  92  87  83  78  83  87
 249 255 255 255 250 132  97  94  96  91  95  86  80  78  87  89
 249 255 255 255 251 211 197 210 220 218 225 209 203 196 203 194
 250 255 255 255 255 255 255 254 255 254 255 255 255 255 255 240
 250 255 255 255 255 255 255 255 255 255 255 255 255 255 255 243
 249 255 255 255 255 255 255 255 255 255 255 255 255 255 255 244
 249 255 255 255 255 255 255 255 255 255 255 255 255 255 255 244
 249 255 255 255 255 255 255 255 255 255 233 184 184 181 180 178
 250 255 255 255 255 255 255 255 255 255 202  99  85  86  76  78
 250 255 255 255 255 255 255 255 255 255 200  99  88  81  79  84
 250 255 255 255 255 255 255 255 255 255 199  97  86  72  75  85
 249 255 255 255 255 255 255 255 255 255 197  91  87  75  75  84
 248 251 252 252 251 249 242 246 255 251 201  96  87  84  81  81
 227 233 232 229 229 119  73  71  70  70  70  70  70  69  70  71
 228 231 234 230 230 119  77  73  69  71  71  70  71  70  69  69
 227 231 233 230 229 117  79  75  71  72  72  70  69  71  69  70
 230 231 232 231 230 118  78  75  74  75  77  73  72  74  74  71
 229 231 231 232 231 125  82  73  77  80  78  73  74  79  81  74
 228 234 231 233 231 199 185 190 200 209 204 199 198 192 190 186
 232 233 231 231 234 233 232 236 235 230 231 229 231 233 228 230
 231 232 232 233 235 232 231 232 232 231 231 231 233 235 231 232
 231 233 232 233 234 232 232 232 232 232 233 233 231 233 231 230
 231 232 235 234 233 234 234 234 232 234 233 232 231 232 232 227
 233 231 235 234 233 234 234 235 234 236 222 174 174 173 178 176
 232 231 233 235 233 233 233 233 234 237 197  83  76  80  73  71
 232 231 231 232 233 233 233 233 232 234 195  78  74  75  72  71
 232 231 231 231 233 231 232 233 233 230 193  74  70  73  72  71
 230 231 231 231 233 231 231 231 233 228 192  70  68  70  70  70
 229 231 230 228 232 230 229 230 228 228 201  75  69  68  68  66
 218 218 211 210 217 114  65  58  55  53  54  54  54  54  54  52
 213 208 209 209 213 116  62  58  57  53  53  55  56  55  55  54
 213 211 211 211 216 114  59  60  56  53  54  56  56  55  56  55
 217 212 211 213 217 113  64  66  61  57  59  63  58  57  56  56
 219 212 212 212 218 122  73  73  65  67  65  68  68  66  62  63
 217 211 211 213 213 191 175 179 185 195 194 195 188 179 173 181
 216 209 211 211 210 214 211 205 210 210 213 215 208 205 210 222
 216 210 211 211 210 214 211 208 211 212 210 211 207 207 211 222
 214 212 210 211 211 213 213 213 214 213 210 208 209 207 209 217
 214 213 210 211 210 209 210 210 212 210 207 211 211 207 209 216
 216 215 211 210 211 208 210 211 210 209 206 160 152 155 157 166
 215 213 211 210 212 211 211 211 209 207 191  73  59  63  60  53
 216 215 213 212 211 212 211 210 210 208 190  68  60  56  55  50
 216 213 214 214 211 212 211 208 209 212 190  71  58  54  53  49
 214 211 212 214 210 212 211 209 208 211 190  69  60  56  57  50
 214 215 213 213 212 218 221 218 218 219 201  66  57  55  53  54

