 230 244 245 247 247 245 245 244 243 245 244 244 243 243 242 233
 245 255 255 255 255 255 255 255 255 255 255 255 255 255 255 245
 247 255 255 255 255 255 255 255 255 255 255 255 255 255 255 255
 247 255 255 255 255 255 255 255 255 255 255 255 255 255 255 254
 246 255 255 255 255 254 250 249 249 249 252 255 255 255 255 250
 236 255 255 255 255 160 109 112 111 112 165 251 255 255 255 249
 237 255 255 255 254 148  94  95  98 100 147 249 255 255 255 253
 237 255 255 255 248 143  91  89  89  85 115 245 255 255 255 251
 240 255 255 255 254 136  90  88  87  87 106 249 255 255 255 254
 242 255 255 255 251 148 103  99  92  91 116 251 255 255 255 254
 175 190 195 201 201 158 134 131 129 121 139 213 215 217 200 192
  66  68  78  85  93 183 242 244 245 245 215  84  89  84  80  78
  84  83  85  92 103 190 255 255 255 255 228 104 103  91  88  86
  90  88  89  94 102 196 255 255 255 255 223  93  95  89  85  87
  84  84  85  90  90 185 251 255 255 255 223  88  91  86  85  86
  86  86  89  90  78 171 238 243 244 242 203  90  93  89  89  89
 225 232 231 232 235 237 235 233 232 234 235 235 235 234 232 230
 230 231 229 232 233 234 232 231 233 233 234 235 233 234 233 232
 226 231 233 234 234 233 232 233 232 230 231 233 233 232 232 232
 227 230 232 232 232 231 230 230 231 233 235 233 232 231 231 232
 227 230 232 232 232 232 232 230 231 232 233 232 232 232 232 232
 230 231 233 233 232 160 106 105 105 108 162 231 231 232 232 230
 232 232 232 232 234 142  82  77  79  82 136 231 233 233 233 232
 230 233 233 233 233 136  77  75  75  79 115 233 233 232 234 233
 224 234 234 233 233 129  77  76  76  77 101 233 231 232 233 231
 223 229 229 230 228 126  80  79  80  81 110 233 231 231 231 232
 175 186 187 194 194 151 127 124 123 117 136 208 209 211 194 185
  62  65  71  73  82 174 232 234 234 233 207  74  72  71  73  72
  73  73  74  75  83 171 232 232 234 236 204  71  75  74  80  81
  69  69  73  74  76 172 231 232 233 233 201  70  72  71  74  77
  70  70  71  74  76 174 234 235 233 232 195  70  72  71  74  74
  70  68  69  72  69 171 229 232 231 229 189  72  74  71  71  70
 221 224 222 221 221 224 223 223 223 225 228 227 227 227 226 228
 215 211 208 211 209 210 210 210 212 213 212 210 210 211 210 219
 224 212 210 208 207 209 211 212 214 216 211 210 211 211 211 212
 220 209 212 214 214 213 214 215 214 211 210 210 211 212 214 215
 222 211 214 215 213 214 218 218 215 215 216 214 212 211 213 219
 226 211 212 211 213 160 106 103 104 108 161 220 214 211 211 218
 223 211 211 211 215 125  70  69  69  70 128 216 213 212 211 214
 216 210 210 210 218 127  61  63  65  65 107 218 211 212 209 214
 207 211 210 211 212 122  65  61  63  66  93 219 214 211 210 216
 209 209 211 214 217 123  76  68  66  68  95 215 210 210 210 212
 175 182 184 190 190 151 127 122 119 112 132 203 204 206 189 180
  58  60  63  61  73 165 223 223 224 224 204  71  62  58  56  52
  57  58  59  59  65 151 212 211 208 207 195  64  59  54  50  51
  52  52  56  59  63 157 215 212 211 211 193  66  59  54  52  51
  52  53  55  58  62 165 211 208 210 211 187  61  60  54  48  50
  52  50  52  56  58 171 220 220 220 217 180  56  56  53  52  52

 233 245 255 254 250 249 253 251 254 254 192  78  86  87  86  89
 242 255 255 255 255 255 255 255 255 255 200  80  88  85  85  89
 243 255 255 255 255 255 255 255 255 255 217  84  91  89  86  89
 243 255 255 255 255 255 255 255 255 255 215  89 103  95  91  93
 244 255 255 255 255 251 249 245 249 251 213  84 104  93  88  90
 244 255 255 255 252 165 147 115 106 116 139 215 228 223 223 203
 245 255 255 255 249 112 100  85  87  91 121 245 255 255 255 242
 243 255 255 255 249 111  98  89  87  92 129 245 255 255 255 244
 244 255 255 255 249 112  95  89  88  99 131 244 255 255 255 243
 245 255 255 255 250 109  94  91  90 103 134 242 255 255 251 238
 245 255 255 255 254 160 148 143 136 148 158 183 190 196 185 171
 247 255 255 255 255 255 254 248 254 251 201  93 103 102  90  78
 247 255 255 255 255 255 255 255 255 255 201  85  92  94  90  90
 245 255 255 255 255 255 255 255 255 255 195  78  85  89  85  89
 244 255 255 255 255 255 255 255 255 255 190  68  83  88  84  86
 230 245 247 247 246 236 237 237 240 242 175  66  84  90  84  86
 230 232 232 232 232 230 232 233 231 232 185  72  81  77  74  70
 232 233 232 231 232 232 233 234 233 231 194  73  80  74  74  71
 234 234 232 231 232 232 233 232 232 231 211  71  74  71  71  71
 235 233 233 232 232 231 233 233 231 231 209  72  75  72  72  74
 235 235 233 233 232 231 231 233 233 233 208  74  71  70  70  72
 235 234 231 235 233 162 136 115 101 110 136 207 204 201 195 189
 234 233 230 233 232 108  82  79  77  81 117 233 236 233 232 229
 232 233 232 231 231 105  79  75  76  80 123 234 234 233 233 231
 233 231 233 230 230 105  77  75  76  79 124 234 232 232 235 232
 235 232 232 230 232 106  82  77  77  80 127 232 232 231 234 229
 237 234 233 231 232 160 142 136 129 126 151 174 171 172 174 171
 235 233 234 232 232 232 234 233 233 228 194  82  83  76  76  69
 232 232 234 232 232 233 232 233 233 230 194  73  75  74  74  72
 231 229 233 232 232 233 232 233 234 229 187  71  74  73  71  69
 232 231 231 230 230 231 232 233 234 229 186  65  73  69  70  68
 225 230 226 227 227 230 232 230 224 223 175  62  73  69  70  70
 228 219 212 215 219 218 214 214 216 212 180  52  51  51  50  52
 226 210 211 214 213 211 211 209 210 210 189  56  50  52  48  52
 227 211 211 212 211 211 212 212 211 210 206  58  54  54  54  53
 227 210 211 211 212 214 213 211 214 210 204  62  59  59  60  56
 227 210 210 210 214 220 216 218 219 215 203  71  64  66  61  56
 228 212 211 210 216 161 128 107  93  95 132 204 195 193 187 180
 225 213 216 211 215 108  70  65  66  68 112 224 207 211 211 217
 223 212 214 214 215 104  69  65  63  66 119 224 208 211 210 220
 223 210 212 215 218 103  69  63  61  68 122 223 211 212 208 220
 223 210 211 214 218 106  70  61  65  76 127 223 212 215 211 220
 224 210 209 213 214 160 125 127 122 123 151 165 151 157 165 171
 221 209 207 214 213 213 215 218 212 217 190  73  65  63  62  58
 221 211 208 214 215 211 211 210 211 214 190  61  59  59  58  56
 222 208 210 212 214 212 211 210 210 211 184  63  59  56  55  52
 224 211 212 209 211 211 211 210 211 209 182  60  58  52  53  50
 221 215 224 220 222 226 223 216 207 209 175  58  57  52  52  52

  89  89  89  93  90 203 242 244 243 238 171  78  90  89  86  86
  86  85  86  91  88 223 255 255 255 251 185  90  90  85  84  84
  87  85  89  95  93 223 255 255 255 255 196 102  94  89  88  90
  86  88  91 103 104 228 255 255 255 255 190 103  92  85  83  84
  78  80  84  89  84 215 245 245 244 242 183  93  85  78  68  66
 192 200 217 215 213 139 121 129 131 134 158 201 201 195 190 175
 254 255 255 255 251 116  91  92  99 103 148 251 255 255 255 242
 254 255 255 255 249 106  87  87  88  90 136 254 255 255 255 240
 251 255 255 255 245 115  85  89  89  91 143 248 255 255 255 237
 253 255 255 255 249 147 100  98  95  94 148 254 255 255 255 237
 249 255 255 255 251 165 112 111 112 109 160 255 255 255 255 236
 250 255 255 255 255 252 249 249 249 250 254 255 255 255 255 246
 254 255 255 255 255 255 255 255 255 255 255 255 255 255 255 247
 255 255 255 255 255 255 255 255 255 255 255 255 255 255 255 247
 245 255 255 255 255 255 255 255 255 255 255 255 255 255 255 245
 233 242 243 243 244 244 245 243 244 245 245 247 247 245 244 230
  70  71  71  74  72 189 229 231 232 229 171  69  72  69  68  70
  74  74  71  72  70 195 232 233 235 234 174  76  74  71  70  70
  77  74  71  72  70 201 233 233 232 231 172  76  74  73  69  69
  81  80  74  75  71 204 236 234 232 232 171  83  75  74  73  73
  72  73  71  72  74 207 233 234 234 232 174  82  73  71  65  62
 185 194 211 209 208 136 117 123 124 127 151 194 194 187 186 175
 232 231 231 231 233 110  81  80  79  80 126 228 230 229 229 223
 231 233 232 231 233 101  77  76  76  77 129 233 233 234 234 224
 233 234 232 233 233 115  79  75  75  77 136 233 233 233 233 230
 232 233 233 233 231 136  82  79  77  82 142 234 232 232 232 232
 230 232 232 231 231 162 108 105 105 106 160 232 233 233 231 230
 232 232 232 232 232 233 232 231 230 232 232 232 232 232 230 227
 232 231 231 232 233 235 233 231 230 230 231 232 232 232 230 227
 232 232 232 233 233 231 230 232 233 232 233 234 234 233 231 226
 232 233 234 233 235 234 233 233 231 232 234 233 232 229 231 230
 230 232 234 235 235 235 234 232 233 235 237 235 232 231 232 225
  52  52  53  56  56 180 217 220 220 220 171  58  56  52  50  52
  50  48  54  60  61 187 211 210 208 211 165  62  58  55  53  52
  51  52  54  59  66 193 211 211 212 215 157  63  59  56  52  52
  51  50  54  59  64 195 207 208 211 212 151  65  59  59  58  57
  52  56  58  62  71 204 224 224 223 223 165  73  61  63  60  58
 180 189 206 204 203 132 112 119 122 127 151 190 190 184 182 175
 212 210 210 210 215  95  68  66  68  76 123 217 214 211 209 209
 216 210 211 214 219  93  66  63  61  65 122 212 211 210 211 207
 214 209 212 211 218 107  65  65  63  61 127 218 210 210 210 216
 214 211 212 213 216 128  70  69  69  70 125 215 211 211 211 223
 218 211 211 214 220 161 108 104 103 106 160 213 211 212 211 226
 219 213 211 212 214 216 215 215 218 218 214 213 215 214 211 222
 215 214 212 211 210 210 211 214 215 214 213 214 214 212 209 220
 212 211 211 211 210 211 216 214 212 211 209 207 208 210 212 224
 219 210 211 210 210 212 213 212 210 210 210 209 211 208 211 215
 228 226 227 227 227 228 225 223 223 223 224 221 221 222 224 221

  86  84  90  84  66 175 242 240 237 237 236 246 247 247 245 230
  86  84  88  83  68 190 255 255 255 255 255 255 255 255 255 244
  89  85  89  85  78 195 255 255 255 255 255 255 255 255 255 245
  90  90  94  92  85 201 255 255 255 255 255 255 255 255 255 247
  78  90 102 103  93 201 251 254 248 254 255 255 255 255 255 247
 171 185 196 190 183 158 148 136 143 148 160 254 255 255 255 245
 238 251 255 255 242 134 103  90  91  94 109 250 255 255 255 245
 243 255 255 255 244 131  99  88  89  95 112 249 255 255 255 244
 244 255 255 255 245 129  92  87  89  98 111 249 255 255 255 243
 242 255 255 255 245 121  91  87  85 100 112 249 255 255 255 245
 203 223 223 228 215 139 116 106 115 147 165 252 255 255 255 244
  90  88  93 104  84 213 251 249 245 249 251 255 255 255 255 244
  93  91  95 103  89 215 255 255 255 255 255 255 255 255 255 243
  89  86  89  91  84 217 255 255 255 255 255 255 255 255 255 243
  89  85  85  88  80 200 255 255 255 255 255 255 255 255 255 242
  89  86  87  86  78 192 254 254 251 253 249 250 254 255 245 233
  70  70  69  73  62 175 223 224 230 232 230 227 227 226 230 225
  68  70  69  73  65 186 229 234 233 232 231 230 230 231 231 232
  69  71  73  74  71 187 229 234 233 232 233 232 232 233 229 231
  72  74  74  75  73 194 230 233 233 232 233 232 232 234 232 232
  69  76  76  83  82 194 228 233 233 234 232 232 232 234 233 235
 171 174 172 171 174 151 126 129 136 142 160 232 231 233 234 237
 229 234 231 232 232 127  80  77  77  82 106 232 230 232 232 235
 232 235 232 232 234 124  79  76  75  77 105 230 230 233 231 233
 231 233 233 234 234 123  80  76  75  79 105 231 231 232 233 232
 229 232 233 236 233 117  81  77  79  82 108 232 233 230 233 234
 189 195 201 204 207 136 110 101 115 136 162 233 235 231 234 235
  72  70  70  71  74 208 233 233 233 231 231 232 233 233 235 235
  74  72  72  75  72 209 231 231 233 233 231 232 232 233 233 235
  71  71  71  74  71 211 231 232 232 233 232 232 231 232 234 234
  71  74  74  80  73 194 231 233 234 233 232 232 231 232 233 232
  70  74  77  81  72 185 232 231 233 232 230 232 232 232 232 230
  52  52  52  57  58 175 209 207 216 223 226 222 220 224 215 221
  50  53  52  58  60 182 209 211 210 211 211 211 209 212 211 224
  52  55  56  59  63 184 211 210 210 211 212 214 212 210 208 222
  56  58  59  59  61 190 214 211 210 211 211 215 214 208 211 221
  58  62  63  65  73 190 217 212 218 215 213 213 214 207 209 221
 171 165 157 151 165 151 123 122 127 125 160 214 213 209 210 224
 220 211 215 212 223 127  76  65  61  70 106 218 214 211 210 223
 220 208 212 211 223 122  68  61  63  69 103 218 215 212 210 223
 220 210 211 208 224 119  66  63  65  69 104 215 214 214 212 223
 217 211 211 207 224 112  68  66  65  70 108 215 211 216 213 225
 180 187 193 195 204 132  95  93 107 128 161 216 210 211 212 228
  56  61  66  64  71 203 215 219 218 216 220 214 210 210 210 227
  56  60  59  59  62 204 210 214 211 213 214 212 211 211 210 227
  53  54  54  54  58 206 210 211 212 212 211 211 212 211 211 227
  52  48  52  50  56 189 210 210 209 211 211 213 214 211 210 226
  52  50  51  51  52 180 212 216 214 214 218 219 215 212 219 228

