 247 241 246 242 242 243 245 238 243 245 249 245 246 246 245 239
 246 248 246 242 248 239 158 115 224 248 247 248 249 246 246 243
 241 245 246 245 238 147  81 106 227 226 171 168 222 249 248 243
 245 248 245 239 145  82 112 215 244 202  88  95 182 246 250 244
 244 242 237 145  83 113 218 251 247 212  87  96 177 252 248 247
 244 239 150  83 109 214 247 251 248 208  87  96 186 250 249 245
 239 150  77 101 219 243 250 250 246 209  89  93 180 248 251 243
 193  74  85 223 243 245 246 245 242 204  81  87 171 247 250 247
 209  75  79 173 240 246 242 246 244 202  80  80 179 245 245 237
 241 196  87  79 169 242 246 248 244 202  83  85 172 241 241 242
 241 233 204  81  82 178 245 243 246 203  89  87 167 245 244 240
 237 243 239 196  94  85 173 241 244 195  84  82  93 100 227 238
 245 243 242 241 200  88  92 172 242 206  87  94  89 103 229 239
 236 246 244 242 238 196  92  99 221 231 211 209 205 206 238 232
 238 238 240 242 243 239 206 178 235 240 241 245 243 239 240 226
 234 234 242 236 237 238 240 236 236 242 243 240 237 237 234 231
 227 228 227 230 229 229 226 223 226 227 229 227 229 228 227 223
 227 228 229 229 227 223 143 102 209 227 231 230 228 230 227 224
 224 228 227 225 220 139  73 100 211 211 157 164 202 227 226 223
 224 226 226 222 136  75 100 204 229 187  81  85 169 227 227 225
 223 221 219 135  81 105 209 231 228 192  83  87 164 228 228 224
 226 218 143  76 105 203 228 230 229 190  86  85 166 228 229 224
 223 141  73  97 202 229 226 227 227 188  84  82 169 225 228 226
 179  77  82 203 223 228 227 228 226 183  82  78 163 227 229 223
 197  73  74 161 221 226 225 225 224 183  74  74 164 228 226 221
 220 178  79  75 164 225 222 226 225 177  71  78 167 222 225 220
 224 223 184  82  77 161 223 226 226 183  73  75 160 222 225 221
 223 224 220 182  82  76 161 224 222 179  82  81  85 104 213 221
 221 219 223 218 179  82  83 164 219 178  82  82  83  92 216 217
 222 221 221 222 218 181  81  84 202 210 188 187 188 187 220 214
 223 221 222 220 221 219 186 153 215 220 219 221 219 219 220 213
 217 219 218 220 221 219 219 219 217 215 216 218 218 217 218 215
 227 227 229 227 227 226 225 218 226 226 224 225 223 226 224 219
 226 222 224 227 224 218 135  98 204 224 222 226 226 223 225 219
 221 225 226 227 218 135  74 100 213 210 158 160 201 225 224 220
 224 225 225 217 130  72  99 197 225 185  77  82 162 224 219 220
 223 222 218 130  70 101 205 228 227 187  80  81 165 224 224 224
 223 219 134  76 102 203 227 228 228 184  81  82 169 225 226 222
 221 138  75  93 202 224 225 224 229 183  76  82 169 222 227 219
 177  68  84 207 225 225 225 223 222 178  74  79 162 225 226 223
 193  72  65 162 222 221 221 221 220 180  73  70 162 217 219 218
 226 177  66  72 163 224 223 222 220 170  74  71 161 218 221 219
 226 223 177  75  76 164 224 224 225 178  75  75 165 224 220 216
 222 222 221 175  81  82 164 223 224 177  75  77  88  98 209 215
 223 223 222 220 176  76  82 165 221 176  81  83  81  86 211 216
 220 223 222 222 219 179  80  83 205 212 189 185 185 189 218 213
 221 221 221 220 220 221 189 154 218 220 217 217 216 216 220 209
 219 221 217 217 215 219 218 218 218 218 218 216 216 211 212 214

 239 243 243 244 247 245 243 247 237 242 240 238 239 232 226 231
 245 246 248 250 248 249 251 250 245 241 244 227 229 238 240 234
 246 246 249 246 252 250 248 247 245 241 245 100 103 206 239 237
 246 249 222 182 177 186 180 171 179 172 167  93  89 205 243 237
 245 248 168  95  96  96  93  87  80  85  87  82  94 209 245 240
 249 247 171  88  87  87  89  81  80  83  89  84  87 211 241 243
 245 248 226 202 212 208 209 204 202 202 203 195 206 231 240 242
 243 224 227 244 247 248 246 242 244 244 246 244 242 221 235 236
 238 115 106 215 251 251 250 245 246 248 243 241 172  99 178 236
 245 158  81 112 218 247 250 246 242 246 245 173  92  92 206 240
 243 239 147  82 113 214 243 245 246 242 178  85  88 196 239 238
 242 248 238 145  83 109 219 243 240 169  82  94 200 238 243 237
 242 242 245 239 145  83 101 223 173  79  81 196 241 242 242 236
 246 246 246 245 237 150  77  85  79  87 204 239 242 244 240 242
 241 248 245 248 242 239 150  74  75 196 233 243 243 246 238 234
 247 246 241 245 244 244 239 193 209 241 241 237 245 236 238 234
 223 224 223 225 224 224 226 223 221 220 221 221 217 214 213 215
 227 227 226 227 228 229 228 229 226 225 225 213 216 220 220 218
 228 230 227 227 228 228 225 227 228 222 222 104  92 187 219 217
 229 228 202 169 164 166 169 163 164 167 160  85  83 188 219 218
 227 230 164  85  87  85  82  78  74  78  75  81  82 187 221 218
 229 231 157  81  83  86  84  82  74  71  73  82  82 188 219 216
 227 227 211 187 192 190 188 183 183 177 183 179 178 210 220 215
 226 209 211 229 228 229 227 226 224 225 226 222 219 202 215 217
 223 102 100 204 231 230 227 228 225 226 226 224 164  84 153 219
 226 143  73 100 209 228 226 227 225 222 223 161  83  81 186 219
 229 223 139  75 105 203 229 228 226 225 161  76  82 181 219 219
 229 227 220 136  81 105 202 223 221 164  77  82 179 218 221 221
 230 229 225 222 135  76  97 203 161  75  82 182 218 222 220 220
 227 229 227 226 219 143  73  82  74  79 184 220 223 221 222 218
 228 228 228 226 221 218 141  77  73 178 223 224 219 221 221 219
 227 227 224 224 223 226 223 179 197 220 224 223 221 222 223 217
 219 219 220 220 224 222 219 223 218 219 216 215 216 213 209 214
 224 225 224 219 224 226 227 226 219 221 220 209 211 218 220 212
 226 223 225 224 224 225 222 225 217 218 224  98  86 189 216 211
 223 226 201 162 165 169 169 162 162 161 165  88  81 185 216 216
 225 226 160  82  81  82  82  79  70  71  75  77  83 185 217 216
 224 222 158  77  80  81  76  74  73  74  75  75  81 189 217 218
 226 224 210 185 187 184 183 178 180 170 178 177 176 212 220 218
 226 204 213 225 227 228 229 222 220 220 225 224 221 205 218 218
 218  98 100 197 228 228 224 223 221 222 224 223 165  83 154 218
 225 135  74  99 205 227 225 225 221 223 224 164  82  80 189 218
 226 218 135  72 101 203 224 225 221 224 164  82  76 179 221 219
 227 224 218 130  70 102 202 225 222 163  76  81 176 219 220 215
 227 227 227 217 130  76  93 207 162  72  75 175 220 222 220 217
 229 224 226 225 218 134  75  84  65  66 177 221 222 222 221 217
 227 222 225 225 222 219 138  68  72 177 223 222 223 223 221 221
 227 226 221 224 223 223 221 177 193 226 226 222 223 220 221 219

 231 234 237 237 240 243 242 236 236 240 238 237 236 242 234 234
 226 240 239 243 245 241 240 235 178 206 239 243 242 240 238 238
 232 238 206 205 209 211 231 221  99  92 196 238 242 244 246 236
 239 229 103  89  94  87 206 242 172  92  88 200 241 242 243 245
 238 227 100  93  82  84 195 244 241 173  85  94 196 239 243 237
 240 244 245 167  87  89 203 246 243 245 178  82  81 204 233 241
 242 241 241 172  85  83 202 244 248 246 242 169  79  87 196 241
 237 245 245 179  80  80 202 244 246 242 246 240 173  79  75 209
 247 250 247 171  87  81 204 242 245 246 245 243 223  85  74 193
 243 251 248 180  93  89 209 246 250 250 243 219 101  77 150 239
 245 249 250 186  96  87 208 248 251 247 214 109  83 150 239 244
 247 248 252 177  96  87 212 247 251 218 113  83 145 237 242 244
 244 250 246 182  95  88 202 244 215 112  82 145 239 245 248 245
 243 248 249 222 168 171 226 227 106  81 147 238 245 246 245 241
 243 246 246 249 248 247 248 224 115 158 239 248 242 246 248 246
 239 245 246 246 245 249 245 243 238 245 243 242 242 246 241 247
 215 218 217 218 218 216 215 217 219 219 219 221 220 218 219 217
 213 220 219 219 221 219 220 215 153 186 219 221 220 222 221 223
 214 220 187 188 187 188 210 202  84  81 181 218 222 221 221 222
 217 216  92  83  82  82 178 219 164  83  82 179 218 223 219 221
 221 213 104  85  81  82 179 222 224 161  76  82 182 220 224 223
 221 225 222 160  75  73 183 226 226 223 161  77  82 184 223 224
 220 225 222 167  78  71 177 225 226 222 225 164  75  79 178 220
 221 226 228 164  74  74 183 224 225 225 226 221 161  74  73 197
 223 229 227 163  78  82 183 226 228 227 228 223 203  82  77 179
 226 228 225 169  82  84 188 227 227 226 229 202  97  73 141 223
 224 229 228 166  85  86 190 229 230 228 203 105  76 143 218 226
 224 228 228 164  87  83 192 228 231 209 105  81 135 219 221 223
 225 227 227 169  85  81 187 229 204 100  75 136 222 226 226 224
 223 226 227 202 164 157 211 211 100  73 139 220 225 227 228 224
 224 227 230 228 230 231 227 209 102 143 223 227 229 229 228 227
 223 227 228 229 227 229 227 226 223 226 229 229 230 227 228 227
 214 212 211 216 216 218 218 218 218 218 219 215 217 217 221 219
 209 220 216 216 217 217 220 218 154 189 221 220 220 221 221 221
 213 218 189 185 185 189 212 205  83  80 179 219 222 222 223 220
 216 211  86  81  83  81 176 221 165  82  76 176 220 222 223 223
 215 209  98  88  77  75 177 224 223 164  82  81 175 221 222 222
 216 220 224 165  75  75 178 225 224 224 164  76  75 177 223 226
 219 221 218 161  71  74 170 220 222 223 224 163  72  66 177 226
 218 219 217 162  70  73 180 220 221 221 221 222 162  65  72 193
 223 226 225 162  79  74 178 222 223 225 225 225 207  84  68 177
 219 227 222 169  82  76 183 229 224 225 224 202  93  75 138 221
 222 226 225 169  82  81 184 228 228 227 203 102  76 134 219 223
 224 224 224 165  81  80 187 227 228 205 101  70 130 218 222 223
 220 219 224 162  82  77 185 225 197  99  72 130 217 225 225 224
 220 224 225 201 160 158 210 213 100  74 135 218 227 226 225 221
 219 225 223 226 226 222 224 204  98 135 218 224 227 224 222 226
 219 224 226 223 225 224 226 226 218 225 226 227 227 229 227 227

 234 238 236 245 237 241 241 209 193 239 244 244 245 241 246 247
 234 238 246 243 243 233 196  75  74 150 239 242 248 245 248 241
 242 240 244 242 239 204  87  79  85  77 150 237 245 246 246 246
 236 242 242 241 196  81  79 173 223 101  83 145 239 245 242 242
 237 243 238 200  94  82 169 240 243 219 109  83 145 238 248 242
 238 239 196  88  85 178 242 246 245 243 214 113  82 147 239 243
 240 206  92  92 173 245 246 242 246 250 247 218 112  81 158 245
 236 178  99 172 241 243 248 246 245 250 251 251 215 106 115 238
 236 235 221 242 244 246 244 244 242 246 248 247 244 227 224 243
 242 240 231 206 195 203 202 202 204 209 208 212 202 226 248 245
 243 241 211  87  84  89  83  80  81  89  87  87  88 171 247 249
 240 245 209  94  82  87  85  80  87  93  96  96  95 168 248 245
 237 243 205  89  93 167 172 179 171 180 186 177 182 222 249 246
 237 239 206 103 100 245 241 245 247 248 250 252 246 249 246 246
 234 240 238 229 227 244 241 245 250 251 249 248 250 248 246 245
 231 226 232 239 238 240 242 237 247 243 245 247 244 243 243 239
 217 223 222 221 223 224 220 197 179 223 226 223 224 224 227 227
 219 221 221 219 224 223 178  73  77 141 218 221 226 228 228 228
 218 222 221 223 220 184  79  74  82  73 143 219 226 227 229 227
 220 220 222 218 182  82  75 161 203  97  76 135 222 225 229 230
 221 221 218 179  82  77 164 221 223 202 105  81 136 220 227 229
 219 219 181  82  76 161 225 226 228 229 203 105  75 139 223 229
 219 186  81  83 161 223 222 225 227 226 228 209 100  73 143 226
 219 153  84 164 224 226 226 225 228 227 230 231 204 100 102 223
 217 215 202 219 222 226 225 224 226 227 229 228 229 211 209 226
 215 220 210 178 179 183 177 183 183 188 190 192 187 211 227 227
 216 219 188  82  82  73  71  74  82  84  86  83  81 157 231 229
 218 221 187  82  81  75  78  74  78  82  85  87  85 164 230 227
 218 219 188  83  85 160 167 164 163 169 166 164 169 202 228 229
 217 219 187  92 104 222 222 228 227 225 228 228 227 227 230 228
 218 220 220 216 213 225 225 226 229 228 229 228 227 226 227 227
 215 213 214 217 221 221 220 221 223 226 224 224 225 223 224 223
 219 221 220 223 222 226 226 193 177 221 223 223 224 221 226 227
 221 221 223 223 222 223 177  72  68 138 219 222 225 225 222 227
 217 221 222 222 221 177  66  65  84  75 134 218 225 226 224 229
 217 220 222 220 175  75  72 162 207  93  76 130 217 227 227 227
 215 220 219 176  81  76 163 222 225 202 102  70 130 218 224 227
 219 221 179  76  82 164 224 221 225 224 203 101  72 135 218 226
 218 189  80  82 164 224 223 221 225 225 227 205  99  74 135 225
 218 154  83 165 223 224 222 221 223 224 228 228 197 100  98 218
 218 218 205 221 224 225 220 220 222 229 228 227 225 213 204 226
 218 220 212 176 177 178 170 180 178 183 184 187 185 210 224 226
 218 217 189  81  75  75  74  73  74  76  81  80  77 158 222 224
 216 217 185  83  77  75  71  70  79  82  82  81  82 160 226 225
 216 216 185  81  88 165 161 162 162 169 169 165 162 201 226 223
 211 216 189  86  98 224 218 217 225 222 225 224 224 225 223 226
 212 220 218 211 209 220 221 219 226 227 226 224 219 224 225 224
 214 209 213 216 215 216 219 218 223 219 222 224 220 220 219 219

