 237 242 242 246 244 249 244 218 220 245 249 250 247 244 244 234
 240 245 248 245 245 248 189  95 114 216 248 249 251 251 252 247
 242 245 245 247 246 194  84 100  98 111 219 248 250 248 248 244
 246 246 244 243 185  79 105 223 191  94 110 225 248 248 246 243
 247 245 243 189  85 113 224 249 247 194 100 114 217 245 247 241
 243 242 186  79 103 219 237 235 232 235 183 102 110 224 249 243
 245 239  88 103 211  91  82 176 123  86 144 198  89 119 245 243
 238 238 173 220 239  97  78 170 113  82 146 241 204 185 247 242
 241 240 243 248 236  90  74 158 111  84 146 250 248 249 247 244
 240 239 244 244 237  92  82 163 130  84 145 248 244 248 245 239
 234 242 242 244 235  83  81 172 134  85 131 242 243 244 243 236
 238 242 242 242 238  96  78 161 121  84 138 245 245 245 242 241
 241 241 243 242 237  95  78 154 119  75 137 241 244 238 246 238
 233 236 239 237 239 106  74 142 106  75 143 245 240 244 240 238
 228 232 236 239 240 164  78  79  82  86 190 242 244 241 244 238
 227 233 236 239 236 233 198 150 152 202 237 241 235 237 239 237
 220 219 213 217 218 216 219 183 197 214 216 218 219 218 216 207
 221 217 220 218 216 216 163  75  98 192 218 218 221 219 219 213
 219 216 217 215 215 163  73  81  80 102 194 218 217 219 217 215
 216 216 216 215 159  66  96 199 168  81  96 196 216 215 217 214
 213 214 215 167  74  96 196 217 213 161  82  94 200 216 218 212
 213 212 165  74  93 195 207 208 208 208 158  79  99 198 215 213
 211 207  76  91 189  69  74 154 108  73 128 164  78 102 214 212
 215 212 152 195 209  78  64 150  98  69 130 212 174 160 216 212
 213 212 213 213 209  82  67 141  99  70 138 215 214 216 216 211
 213 211 207 212 208  75  65 141 105  72 130 210 212 214 215 209
 210 210 211 213 206  69  72 148 103  73 121 210 212 211 210 207
 209 206 209 211 206  85  70 148 103  72 120 210 208 209 211 205
 206 207 208 208 206  87  64 141  97  66 125 209 206 211 209 204
 204 207 207 203 204  86  61 127  86  65 131 205 205 207 209 203
 204 201 205 204 203 136  61  65  63  68 169 202 203 206 207 207
 201 200 204 202 202 202 167 125 138 170 205 203 206 205 204 201
 207 208 205 206 206 210 205 177 188 208 207 207 204 203 201 197
 208 208 206 205 204 204 148  71  87 184 207 203 205 205 204 201
 210 207 202 207 206 153  69  77  70  90 185 202 205 203 204 202
 206 202 204 201 146  62  88 188 157  71  87 183 203 205 202 197
 208 204 203 152  65  94 184 204 201 153  71  91 183 201 201 195
 204 201 152  61  84 179 195 197 195 197 151  73  89 187 202 198
 204 200  70  82 181  64  60 148  98  67 120 155  67  93 204 198
 205 203 145 188 195  72  58 142  90  62 129 199 164 151 203 194
 207 203 205 206 199  68  57 137  86  61 132 203 203 204 200 198
 203 199 205 203 201  63  64 139  93  62 122 204 200 202 201 197
 200 202 204 200 199  65  58 140  98  66 110 198 197 197 199 194
 201 201 203 199 192  71  57 139  88  63 119 197 199 200 198 196
 204 200 201 203 191  73  56 130  86  60 117 197 199 198 200 195
 197 201 201 201 198  78  51 120  78  55 123 197 193 195 197 194
 195 197 196 198 199 128  53  52  56  61 163 198 196 196 194 192
 195 195 193 196 194 192 155 113 123 164 195 191 195 195 195 196

 234 247 244 243 241 243 243 242 244 239 236 241 238 238 238 237
 244 252 248 246 247 249 245 247 247 245 243 242 246 240 244 239
 244 251 248 248 245 224 119 185 249 248 244 245 238 244 241 237
 247 251 250 248 217 110  89 204 248 244 243 245 244 240 244 235
 250 249 248 225 114 102 198 241 250 248 242 245 241 245 242 241
 249 248 219 110 100 183 144 146 146 145 131 138 137 143 190 237
 245 216 111  94 194 235  86  82  84  84  85  84  75  75  86 202
 220 114  98 191 247 232 123 113 111 130 134 121 119 106  82 152
 218  95 100 223 249 235 176 170 158 163 172 161 154 142  79 150
 244 189  84 105 224 237  82  78  74  82  81  78  78  74  78 198
 249 248 194  79 113 219  91  97  90  92  83  96  95 106 164 233
 244 245 246 185  85 103 211 239 236 237 235 238 237 239 240 236
 246 245 247 243 189  79 103 220 248 244 244 242 242 237 239 239
 242 248 245 244 243 186  88 173 243 244 242 242 243 239 236 236
 242 245 245 246 245 242 239 238 240 239 242 242 241 236 232 233
 237 240 242 246 247 243 245 238 241 240 234 238 241 233 228 227
 207 213 215 214 212 213 212 212 211 209 207 205 204 203 207 201
 216 219 217 217 218 215 214 216 216 215 210 211 209 209 207 204
 218 219 219 215 216 198 102 160 216 214 211 209 211 207 206 205
 219 221 217 216 200  99  78 174 214 212 212 208 206 205 203 206
 218 218 218 196  94  79 164 212 215 210 210 210 209 205 202 203
 216 218 194  96  82 158 128 130 138 130 121 120 125 131 169 205
 214 192 102  81 161 208  73  69  70  72  73  72  66  65  68 170
 197  98  80 168 213 208 108  98  99 105 103 103  97  86  63 138
 183  75  81 199 217 208 154 150 141 141 148 148 141 127  65 125
 219 163  73  96 196 207  74  64  67  65  72  70  64  61  61 167
 216 216 163  66  96 195  69  78  82  75  69  85  87  86 136 202
 218 216 215 159  74  93 189 209 209 208 206 206 206 204 203 202
 217 218 215 215 167  74  91 195 213 212 213 211 208 203 204 202
 213 220 217 216 215 165  76 152 213 207 211 209 208 207 205 204
 219 217 216 216 214 212 207 212 212 211 210 206 207 207 201 200
 220 221 219 216 213 213 211 215 213 213 210 209 206 204 204 201
 197 201 202 197 195 198 198 194 198 197 194 196 195 194 192 196
 201 204 204 202 201 202 204 203 200 201 199 198 200 197 194 195
 203 205 203 205 201 187  93 151 204 202 197 200 198 195 196 195
 204 205 205 203 183  89  67 164 203 200 197 199 199 193 196 195
 207 203 202 183  91  73 155 199 203 204 198 197 197 197 198 191
 207 207 185  87  71 151 120 129 132 122 110 119 117 123 163 195
 208 184  90  71 153 197  67  62  61  62  66  63  60  55  61 164
 188  87  70 157 201 195  98  90  86  93  98  88  86  78  56 123
 177  71  77 188 204 197 148 142 137 139 140 139 130 120  52 113
 205 148  69  88 184 195  60  58  57  64  58  57  56  51  53 155
 210 204 153  62  94 179  64  72  68  63  65  71  73  78 128 192
 206 204 206 146  65  84 181 195 199 201 199 192 191 198 199 194
 206 205 207 201 152  61  82 188 206 203 200 199 203 201 198 196
 205 206 202 204 203 152  70 145 205 205 204 203 201 201 196 193
 208 208 207 202 204 201 200 203 203 199 202 201 200 201 197 195
 207 208 210 206 208 204 204 205 207 203 200 201 204 197 195 195

 237 239 237 235 241 237 202 152 150 198 233 236 239 236 233 227
 238 244 241 244 242 190  86  82  79  78 164 240 239 236 232 228
 238 240 244 240 245 143  75 106 142  74 106 239 237 239 236 233
 238 246 238 244 241 137  75 119 154  78  95 237 242 243 241 241
 241 242 245 245 245 138  84 121 161  78  96 238 242 242 242 238
 236 243 244 243 242 131  85 134 172  81  83 235 244 242 242 234
 239 245 248 244 248 145  84 130 163  82  92 237 244 244 239 240
 244 247 249 248 250 146  84 111 158  74  90 236 248 243 240 241
 242 247 185 204 241 146  82 113 170  78  97 239 220 173 238 238
 243 245 119  89 198 144  86 123 176  82  91 211 103  88 239 245
 243 249 224 110 102 183 235 232 235 237 219 103  79 186 242 243
 241 247 245 217 114 100 194 247 249 224 113  85 189 243 245 247
 243 246 248 248 225 110  94 191 223 105  79 185 243 244 246 246
 244 248 248 250 248 219 111  98 100  84 194 246 247 245 245 242
 247 252 251 251 249 248 216 114  95 189 248 245 245 248 245 240
 234 244 244 247 250 249 245 220 218 244 249 244 246 242 242 237
 201 204 205 206 203 205 170 138 125 167 202 202 202 204 200 201
 207 207 206 203 202 169  68  63  65  61 136 203 204 205 201 204
 203 209 207 205 205 131  65  86 127  61  86 204 203 207 207 204
 204 209 211 206 209 125  66  97 141  64  87 206 208 208 207 206
 205 211 209 208 210 120  72 103 148  70  85 206 211 209 206 209
 207 210 211 212 210 121  73 103 148  72  69 206 213 211 210 210
 209 215 214 212 210 130  72 105 141  65  75 208 212 207 211 213
 211 216 216 214 215 138  70  99 141  67  82 209 213 213 212 213
 212 216 160 174 212 130  69  98 150  64  78 209 195 152 212 215
 212 214 102  78 164 128  73 108 154  74  69 189  91  76 207 211
 213 215 198  99  79 158 208 208 208 207 195  93  74 165 212 213
 212 218 216 200  94  82 161 213 217 196  96  74 167 215 214 213
 214 217 215 216 196  96  81 168 199  96  66 159 215 216 216 216
 215 217 219 217 218 194 102  80  81  73 163 215 215 217 216 219
 213 219 219 221 218 218 192  98  75 163 216 216 218 220 217 221
 207 216 218 219 218 216 214 197 183 219 216 218 217 213 219 220
 196 195 195 195 191 195 164 123 113 155 192 194 196 193 195 195
 192 194 196 196 198 163  61  56  52  53 128 199 198 196 197 195
 194 197 195 193 197 123  55  78 120  51  78 198 201 201 201 197
 195 200 198 199 197 117  60  86 130  56  73 191 203 201 200 204
 196 198 200 199 197 119  63  88 139  57  71 192 199 203 201 201
 194 199 197 197 198 110  66  98 140  58  65 199 200 204 202 200
 197 201 202 200 204 122  62  93 139  64  63 201 203 205 199 203
 198 200 204 203 203 132  61  86 137  57  68 199 206 205 203 207
 194 203 151 164 199 129  62  90 142  58  72 195 188 145 203 205
 198 204  93  67 155 120  67  98 148  60  64 181  82  70 200 204
 198 202 187  89  73 151 197 195 197 195 179  84  61 152 201 204
 195 201 201 183  91  71 153 201 204 184  94  65 152 203 204 208
 197 202 205 203 183  87  71 157 188  88  62 146 201 204 202 206
 202 204 203 205 202 185  90  70  77  69 153 206 207 202 207 210
 201 204 205 205 203 207 184  87  71 148 204 204 205 206 208 208
 197 201 203 204 207 207 208 188 177 205 210 206 206 205 208 207

 227 228 233 241 238 234 240 241 238 245 243 247 246 242 240 237
 233 232 236 241 242 242 239 240 238 239 242 245 246 245 245 242
 236 236 239 243 242 242 244 243 173  88 186 243 244 245 248 242
 239 239 237 242 242 244 244 248 220 103  79 189 243 247 245 246
 236 240 239 237 238 235 237 236 239 211 103  85 185 246 245 244
 233 164 106  95  96  83  92  90  97  91 219 113  79 194 248 249
 198  78  74  78  78  81  82  74  78  82 237 224 105  84 189 244
 150  79 142 154 161 172 163 158 170 176 235 249 223 100  95 218
 152  82 106 119 121 134 130 111 113 123 232 247 191  98 114 220
 202  86  75  75  84  85  84  84  82  86 235 194  94 111 216 245
 237 190 143 137 138 131 145 146 146 144 183 100 110 219 248 249
 241 242 245 241 245 242 248 250 241 198 102 114 225 248 249 250
 235 244 240 244 245 243 244 248 204  89 110 217 248 250 251 247
 237 241 244 238 245 244 248 249 185 119 224 245 248 248 251 244
 239 244 240 246 242 243 245 247 247 245 249 247 246 248 252 244
 237 238 238 238 241 236 239 244 242 243 243 241 243 244 247 234
 201 204 204 206 209 210 213 213 215 211 213 213 216 219 221 220
 200 201 207 207 206 210 211 212 212 207 212 214 216 216 217 219
 204 205 207 208 209 211 207 213 152  76 165 215 216 217 220 213
 202 204 203 208 211 213 212 213 195  91  74 167 215 215 218 217
 202 203 204 206 206 206 208 209 209 189  93  74 159 215 216 218
 202 136  86  87  85  69  75  82  78  69 195  96  66 163 216 216
 167  61  61  64  70  72  65  67  64  74 207 196  96  73 163 219
 125  65 127 141 148 148 141 141 150 154 208 217 199  81  75 183
 138  63  86  97 103 103 105  99  98 108 208 213 168  80  98 197
 170  68  65  66  72  73  72  70  69  73 208 161  81 102 192 214
 205 169 131 125 120 121 130 138 130 128 158  82  96 194 218 216
 203 202 205 209 210 210 210 215 212 164  79  94 196 218 218 218
 206 203 205 206 208 212 212 214 174  78  99 200 216 217 221 219
 205 206 207 211 209 211 214 216 160 102 198 216 215 219 219 218
 204 207 209 209 211 210 215 216 216 214 215 218 217 217 219 216
 201 207 203 204 205 207 209 211 212 212 213 212 214 215 213 207
 195 195 197 204 201 200 203 207 205 204 204 208 206 210 208 207
 195 197 201 200 201 202 199 203 203 200 201 204 202 207 208 208
 193 196 201 201 203 204 205 205 145  70 152 203 204 202 206 205
 196 198 201 203 199 200 203 206 188  82  61 152 201 207 205 206
 194 199 198 191 192 199 201 199 195 181  84  65 146 206 204 206
 192 128  78  73  71  65  63  68  72  64 179  94  62 153 204 210
 155  53  51  56  57  58  64  57  58  60 195 184  88  69 148 205
 113  52 120 130 139 140 139 137 142 148 197 204 188  77  71 177
 123  56  78  86  88  98  93  86  90  98 195 201 157  70  87 188
 164  61  55  60  63  66  62  61  62  67 197 153  71  90 184 208
 195 163 123 117 119 110 122 132 129 120 151  71  87 185 207 207
 191 198 197 197 197 198 204 203 199 155  73  91 183 202 203 207
 195 196 193 199 199 197 200 203 164  67  89 183 203 205 205 204
 195 196 195 198 200 197 202 204 151  93 187 201 205 203 205 203
 195 194 197 200 198 199 201 200 203 204 202 201 202 204 204 201
 196 192 194 195 196 194 197 198 194 198 198 195 197 202 201 197

