 156 162 167 169 170 173 176 178 181 183 184 186 188 193 193 189
 162 167 170 172 173 177 179 136  90 164 187 192 196 199 197 196
 163  97  74  76  76  88 152 128  51  72 164 192 195 198 196 194
 162  65  35  42  44  41  57 176 102  52  70 165 192 196 196 194
 162  61  36  68 111  41  42 167 180 120  56  72 168 194 195 195
 159  53  33  66 113  37  41 176 182 181 120  55  70 159 193 196
 159  50  31  38  42  36  82 178 181 185 184 125  56  67 156 195
 158  50  30  38  47  44  95 176 181 183 185 185 109  55  73 198
 156  43  29  66 101  38  39 174 181 183 182 154  64  60 126 196
 158  41  32  66 108  36  39 173 180 182 147  63  63 129 190 193
 157  41  33  68  98  35  39 171 179 149  56  51 134 189 192 195
 156  38  31  63  96  38  37 170 141  57  50 128 184 189 192 196
 156  98  96 113 132 104 103 137  48  45 122 179 182 188 189 193
 155 157 157 161 164 163 164  70  43 117 175 179 183 187 189 186
 152 158 158 160 162 163 165 148 133 170 175 176 179 184 185 177
 142 148 148 145 145 145 143 142 145 136 143 141 144 147 154 139
 153 159 162 166 167 168 171 173 175 178 179 181 184 187 188 185
 157 163 165 169 170 172 174 130  85 159 181 184 185 191 190 190
 157  93  72  71  75  85 145 123  49  69 158 184 186 189 190 190
 158  63  38  42  42  42  54 173 102  53  68 156 185 190 187 186
 158  60  37  64 107  39  42 164 176 115  51  68 159 186 189 188
 156  50  33  64 108  38  40 169 176 177 115  52  65 154 188 191
 156  48  31  38  41  36  78 172 178 179 178 118  52  64 148 191
 158  47  31  38  45  40  90 170 176 178 180 179 106  53  67 191
 155  44  30  62  96  35  37 169 175 177 177 152  64  57 117 188
 154  40  32  62 103  36  37 166 173 175 140  57  53 120 185 188
 153  36  31  65  97  35  36 165 173 144  55  51 129 181 183 188
 153  37  32  62  94  36  36 167 135  51  46 124 178 182 184 187
 151  93  91 109 126  99 100 132  46  41 116 173 176 180 182 186
 151 154 155 156 160 159 162  67  41 112 171 172 176 179 181 177
 149 152 154 157 158 160 162 143 127 166 170 172 175 177 179 172
 137 140 140 139 139 137 137 134 139 131 137 133 137 145 147 133
 150 152 158 162 163 166 168 168 169 170 173 175 177 180 182 180
 156 161 164 164 164 168 170 126  79 154 175 181 182 183 181 179
 154  89  67  68  71  81 139 121  46  63 153 177 181 182 185 184
 150  58  33  40  40  36  51 170  98  47  64 150 178 182 184 183
 150  54  33  61 105  37  38 156 167 110  49  65 155 181 181 182
 152  46  30  60 102  36  36 164 170 172 110  47  61 143 178 185
 150  45  29  35  39  33  74 165 170 171 173 116  43  58 142 186
 148  45  28  34  41  41  88 164 169 172 175 174 103  51  62 186
 148  36  29  59  92  34  34 162 167 170 173 148  59  54 111 181
 149  35  31  59  97  32  34 157 166 168 133  56  52 115 178 182
 149  36  32  65  95  33  32 160 167 137  50  50 125 177 178 182
 147  33  29  58  90  36  33 162 134  51  45 118 171 176 179 180
 149  91  89 104 117  92  94 127  43  40 112 168 172 178 179 183
 147 151 147 145 153 154 155  58  36 109 166 170 171 172 178 173
 144 146 148 147 152 154 157 137 122 160 165 168 170 173 170 168
 133 137 133 131 134 133 132 130 133 124 134 129 133 141 143 131

 189 196 194 194 195 196 195 198 196 193 195 196 193 186 177 139
 193 197 196 196 195 193 156  73 126 190 192 192 189 189 185 154
 193 199 198 196 194 159  67  55  60 129 189 189 188 187 184 147
 188 196 195 192 168  70  56 109  64  63 134 184 182 183 179 144
 186 192 192 165  72  55 125 185 154  63  51 128 179 179 176 141
 184 187 164  70  56 120 184 185 182 147  56  50 122 175 175 143
 183 164  72  52 120 181 185 183 183 182 149  57  45 117 170 136
 181  90  51 102 180 182 181 181 181 180 179 141  48  43 133 145
 178 136 128 176 167 176 178 176 174 173 171 170 137  70 148 142
 176 179 152  57  42  41  82  95  39  39  39  37 103 164 165 143
 173 177  88  41  41  37  36  44  38  36  35  38 104 163 163 145
 170 173  76  44 111 113  42  47 101 108  98  96 132 164 162 145
 169 172  76  42  68  66  38  38  66  66  68  63 113 161 160 145
 167 170  74  35  36  33  31  30  29  32  33  31  96 157 158 148
 162 167  97  65  61  53  50  50  43  41  41  38  98 157 158 148
 156 162 163 162 162 159 159 158 156 158 157 156 156 155 152 142
 185 190 190 186 188 191 191 191 188 188 188 187 186 177 172 133
 188 190 190 187 189 188 148  67 117 185 183 184 182 181 179 147
 187 191 189 190 186 154  64  53  57 120 181 182 180 179 177 145
 184 185 186 185 159  65  52 106  64  53 129 178 176 176 175 137
 181 184 184 156  68  52 118 179 152  57  51 124 173 172 172 133
 179 181 158  68  51 115 178 180 177 140  55  46 116 171 170 137
 178 159  69  53 115 177 179 178 177 175 144  51  41 112 166 131
 175  85  49 102 176 176 178 176 175 173 173 135  46  41 127 139
 173 130 123 173 164 169 172 170 169 166 165 167 132  67 143 134
 171 174 145  54  42  40  78  90  37  37  36  36 100 162 162 137
 168 172  85  42  39  38  36  40  35  36  35  36  99 159 160 137
 167 170  75  42 107 108  41  45  96 103  97  94 126 160 158 139
 166 169  71  42  64  64  38  38  62  62  65  62 109 156 157 139
 162 165  72  38  37  33  31  31  30  32  31  32  91 155 154 140
 159 163  93  63  60  50  48  47  44  40  36  37  93 154 152 140
 153 157 157 158 158 156 156 158 155 154 153 153 151 151 149 137
 180 179 184 183 182 185 186 186 181 182 182 180 183 173 168 131
 182 181 185 184 181 178 142  62 111 178 178 179 179 178 170 143
 180 183 182 182 181 143  58  51  54 115 177 176 178 172 173 141
 177 182 181 178 155  61  43 103  59  52 125 171 172 171 170 133
 175 181 177 150  65  47 116 174 148  56  50 118 168 170 168 129
 173 175 153  64  49 110 173 175 173 133  50  45 112 166 165 134
 170 154  63  47 110 172 171 172 170 168 137  51  40 109 160 124
 169  79  46  98 167 170 170 169 167 166 167 134  43  36 122 133
 168 126 121 170 156 164 165 164 162 157 160 162 127  58 137 130
 168 170 139  51  38  36  74  88  34  34  32  33  94 155 157 132
 166 168  81  36  37  36  33  41  34  32  33  36  92 154 154 133
 163 164  71  40 105 102  39  41  92  97  95  90 117 153 152 134
 162 164  68  40  61  60  35  34  59  59  65  58 104 145 147 131
 158 164  67  33  33  30  29  28  29  31  32  29  89 147 148 133
 152 161  89  58  54  46  45  45  36  35  36  33  91 151 146 137
 150 156 154 150 150 152 150 148 148 149 149 147 149 147 144 133

 139 154 147 144 141 143 136 145 142 143 145 145 145 148 148 142
 177 185 184 179 176 175 170 133 148 165 163 162 160 158 158 152
 186 189 187 183 179 175 117  43  70 164 163 164 161 157 157 155
 193 189 188 182 179 122  45  48 137 103 104 132 113  96  98 156
 196 192 189 184 128  50  57 141 170  37  38  96  63  31  38 156
 195 192 189 134  51  56 149 179 171  39  35  98  68  33  41 157
 193 190 129  63  63 147 182 180 173  39  36 108  66  32  41 158
 196 126  60  64 154 182 183 181 174  39  38 101  66  29  43 156
 198  73  55 109 185 185 183 181 176  95  44  47  38  30  50 158
 195 156  67  56 125 184 185 181 178  82  36  42  38  31  50 159
 196 193 159  70  55 120 181 182 176  41  37 113  66  33  53 159
 195 195 194 168  72  56 120 180 167  42  41 111  68  36  61 162
 194 196 196 192 165  70  52 102 176  57  41  44  42  35  65 162
 194 196 198 195 192 164  72  51 128 152  88  76  76  74  97 163
 196 197 199 196 192 187 164  90 136 179 177 173 172 170 167 162
 189 193 193 188 186 184 183 181 178 176 173 170 169 167 162 156
 133 147 145 137 133 137 131 139 134 137 137 139 139 140 140 137
 172 179 177 175 172 170 166 127 143 162 160 158 157 154 152 149
 177 181 179 176 172 171 112  41  67 162 159 160 156 155 154 151
 186 182 180 176 173 116  41  46 132 100  99 126 109  91  93 151
 187 184 182 178 124  46  51 135 167  36  36  94  62  32  37 153
 188 183 181 129  51  55 144 173 165  36  35  97  65  31  36 153
 188 185 120  53  57 140 175 173 166  37  36 103  62  32  40 154
 188 117  57  64 152 177 177 175 169  37  35  96  62  30  44 155
 191  67  53 106 179 180 178 176 170  90  40  45  38  31  47 158
 191 148  64  52 118 178 179 178 172  78  36  41  38  31  48 156
 191 188 154  65  52 115 177 176 169  40  38 108  64  33  50 156
 188 189 186 159  68  51 115 176 164  42  39 107  64  37  60 158
 186 187 190 185 156  68  53 102 173  54  42  42  42  38  63 158
 190 190 189 186 184 158  69  49 123 145  85  75  71  72  93 157
 190 190 191 185 184 181 159  85 130 174 172 170 169 165 163 157
 185 188 187 184 181 179 178 175 173 171 168 167 166 162 159 153
 131 143 141 133 129 134 124 133 130 132 133 134 131 133 137 133
 168 170 173 170 168 165 160 122 137 157 154 152 147 148 146 144
 173 178 172 171 170 166 109  36  58 155 154 153 145 147 151 147
 183 179 178 172 168 112  40  43 127  94  92 117 104  89  91 149
 180 179 176 171 118  45  51 134 162  33  36  90  58  29  33 147
 182 178 177 125  50  50 137 167 160  32  33  95  65  32  36 149
 182 178 115  52  56 133 168 166 157  34  32  97  59  31  35 149
 181 111  54  59 148 173 170 167 162  34  34  92  59  29  36 148
 186  62  51 103 174 175 172 169 164  88  41  41  34  28  45 148
 186 142  58  43 116 173 171 170 165  74  33  39  35  29  45 150
 185 178 143  61  47 110 172 170 164  36  36 102  60  30  46 152
 182 181 181 155  65  49 110 167 156  38  37 105  61  33  54 150
 183 184 182 178 150  64  47  98 170  51  36  40  40  33  58 150
 184 185 182 181 177 153  63  46 121 139  81  71  68  67  89 154
 179 181 183 182 181 175 154  79 126 170 168 164 164 164 161 156
 180 182 180 177 175 173 170 169 168 168 166 163 162 158 152 150

 142 152 155 156 156 157 158 156 158 159 159 162 162 163 162 156
 148 158 157  98  38  41  41  43  50  50  53  61  65  97 167 162
 148 158 157  96  31  33  32  29  30  31  33  36  35  74 170 167
 145 160 161 113  63  68  66  66  38  38  66  68  42  76 172 169
 145 162 164 132  96  98 108 101  47  42 113 111  44  76 173 170
 145 163 163 104  38  35  36  38  44  36  37  41  41  88 177 173
 143 165 164 103  37  39  39  39  95  82  41  42  57 152 179 176
 142 148  70 137 170 171 173 174 176 178 176 167 176 128 136 178
 145 133  43  48 141 179 180 181 181 181 182 180 102  51  90 181
 136 170 117  45  57 149 182 183 183 185 181 120  52  72 164 183
 143 175 175 122  50  56 147 182 185 184 120  56  70 164 187 184
 141 176 179 179 128  51  63 154 185 125  55  72 165 192 192 186
 144 179 183 182 184 134  63  64 109  56  70 168 192 195 196 188
 147 184 187 188 189 189 129  60  55  67 159 194 196 198 199 193
 154 185 189 189 192 192 190 126  73 156 193 195 196 196 197 193
 139 177 186 193 196 195 193 196 198 195 196 195 194 194 196 189
 137 149 151 151 153 153 154 155 158 156 156 158 158 157 157 153
 140 152 154  93  37  36  40  44  47  48  50  60  63  93 163 159
 140 154 155  91  32  31  32  30  31  31  33  37  38  72 165 162
 139 157 156 109  62  65  62  62  38  38  64  64  42  71 169 166
 139 158 160 126  94  97 103  96  45  41 108 107  42  75 170 167
 137 160 159  99  36  35  36  35  40  36  38  39  42  85 172 168
 137 162 162 100  36  36  37  37  90  78  40  42  54 145 174 171
 134 143  67 132 167 165 166 169 170 172 169 164 173 123 130 173
 139 127  41  46 135 173 173 175 176 178 176 176 102  49  85 175
 131 166 112  41  51 144 175 177 178 179 177 115  53  69 159 178
 137 170 171 116  46  55 140 177 180 178 115  51  68 158 181 179
 133 172 172 173 124  51  57 152 179 118  52  68 156 184 184 181
 137 175 176 176 178 129  53  64 106  52  65 159 185 186 185 184
 145 177 179 180 182 181 120  57  53  64 154 186 190 189 191 187
 147 179 181 182 184 183 185 117  67 148 188 189 187 190 190 188
 133 172 177 186 187 188 188 188 191 191 191 188 186 190 190 185
 133 144 147 149 147 149 149 148 148 150 152 150 150 154 156 150
 137 146 151  91  33  36  35  36  45  45  46  54  58  89 161 152
 133 148 147  89  29  32  31  29  28  29  30  33  33  67 164 158
 131 147 145 104  58  65  59  59  34  35  60  61  40  68 164 162
 134 152 153 117  90  95  97  92  41  39 102 105  40  71 164 163
 133 154 154  92  36  33  32  34  41  33  36  37  36  81 168 166
 132 157 155  94  33  32  34  34  88  74  36  38  51 139 170 168
 130 137  58 127 162 160 157 162 164 165 164 156 170 121 126 168
 133 122  36  43 134 167 166 167 169 170 170 167  98  46  79 169
 124 160 109  40  51 137 168 170 172 171 172 110  47  63 154 170
 134 165 166 112  45  50 133 173 175 173 110  49  64 153 175 173
 129 168 170 168 118  50  56 148 174 116  47  65 150 177 181 175
 133 170 171 172 171 125  52  59 103  43  61 155 178 181 182 177
 141 173 172 178 176 177 115  54  51  58 143 181 182 182 183 180
 143 170 178 179 179 178 178 111  62 142 178 181 184 185 181 182
 131 168 173 183 180 182 182 181 186 186 185 182 183 184 179 180

