 249 253 249 253 248 250 246 247 249 247 243 241 242 234 232 232
 254 172  99 115 102 114 119 116 122 131 132 136 140 150 221 255
 252 110  87  87  83  88  91  95  95  98  96  99 102 105 165 254
 254  95  84 126 158 154 154 153 165 149 158 155 158 149 230 254
 251  96  84 180 254 255 254 254 254 254 253 254 255 254 255 254
 253 103  81 163 254 254 255 255 255 255 255 255 254 255 255 252
 252 106  91 158 254 254 254 254 255 255 254 254 255 255 255 253
 253 103  89 159 254 254 254 255 255 253 254 255 254 255 254 252
 251 112  84 155 254 254 255 250 209 215 218 225 244 255 254 251
 252 110  87 156 254 254 255 238  98 102  93 103 186 254 254 254
 252 124  81 152 254 254 254 235 101 104  96 101 186 254 254 254
 253 108  74 150 254 255 254 252 237 239 232 229 248 254 254 254
 250 117  81 144 252 253 254 254 254 255 255 254 254 254 253 252
 251 124  88 147 254 253 254 252 254 252 254 254 252 254 255 253
 250 219 157 218 252 252 253 254 253 252 253 254 252 254 253 251
 242 250 250 251 252 251 251 251 252 254 253 254 251 254 251 252
 232 230 226 227 228 225 222 224 224 223 224 222 221 216 219 211
 234 152  89  96  93 102  93 106 100 111 108 115 115 132 200 234
 231  87  75  79  79  78  79  85  83  82  85  86  90  98 153 235
 230  87  74 107 141 129 137 131 135 129 135 125 126 132 209 233
 229  82  72 161 234 235 234 231 233 233 234 229 232 231 232 230
 227  89  74 146 231 232 230 231 234 233 232 232 233 231 229 230
 228  92  73 145 230 233 232 231 232 232 232 232 231 231 231 228
 227  98  78 140 230 230 232 229 231 232 231 231 230 234 231 229
 225  98  74 142 230 231 231 224 188 191 194 197 222 230 232 226
 225  98  76 138 229 231 231 210  87  85  85  91 170 230 230 226
 226 103  78 135 232 232 231 208  82  81  83  83 166 227 229 225
 224  97  71 131 231 230 230 224 211 211 203 198 219 227 229 225
 223  95  67 123 226 226 226 228 228 225 227 227 227 226 226 224
 221 108  69 123 223 227 228 228 227 225 226 226 227 228 228 223
 219 192 138 194 221 224 225 225 225 226 225 225 225 224 223 223
 221 220 219 224 223 221 220 224 223 223 224 222 222 220 224 221
 220 221 216 217 212 213 214 217 210 215 206 206 203 210 202 198
 224 145  82  91  87  94  87  95  90  98  97 105 105 120 190 222
 223  84  68  68  69  69  70  69  70  75  74  73  75  76 139 219
 219  74  69 102 127 126 126 119 120 113 116 111 117 116 194 222
 217  71  60 155 223 226 221 223 220 219 220 220 221 219 224 217
 219  76  64 141 224 222 225 222 223 224 220 223 219 220 220 219
 218  85  68 135 222 216 218 226 222 221 221 221 219 220 219 220
 219  83  65 134 222 220 218 223 218 218 219 220 221 220 223 216
 219  88  71 129 220 221 221 212 180 188 186 186 209 223 219 215
 221  85  65 129 220 221 223 197  73  71  76  80 161 223 219 214
 220  88  61 130 223 223 217 197  69  66  70  71 153 218 219 213
 220  84  56 124 219 220 222 216 201 187 198 192 214 217 216 217
 220  91  58 118 222 221 219 218 217 220 217 220 218 216 218 211
 216 102  63 120 217 221 217 219 215 218 220 219 219 217 215 212
 217 185 121 184 216 214 213 214 214 217 218 215 217 218 214 209
 214 218 215 212 213 216 214 215 210 218 214 215 212 214 209 205

 232 255 254 254 254 252 253 252 251 254 254 254 252 253 251 252
 232 221 165 230 255 255 255 254 254 254 254 254 253 255 253 251
 234 150 105 149 254 255 255 255 255 254 254 254 254 254 254 254
 242 140 102 158 255 254 255 254 244 186 186 248 254 252 252 251
 241 136  99 155 254 255 254 255 225 103 101 229 254 254 254 254
 243 132  96 158 253 255 254 254 218  93  96 232 255 254 253 253
 247 131  98 149 254 255 255 253 215 102 104 239 255 252 252 254
 249 122  95 165 254 255 255 255 209  98 101 237 254 254 253 252
 247 116  95 153 254 255 254 255 250 238 235 252 254 252 254 251
 246 119  91 154 254 255 254 254 255 255 254 254 254 254 253 251
 250 114  88 154 255 254 254 254 254 254 254 255 253 253 252 251
 248 102  83 158 254 254 254 254 254 254 254 254 252 254 252 252
 253 115  87 126 180 163 158 159 155 156 152 150 144 147 218 251
 249  99  87  84  84  81  91  89  84  87  81  74  81  88 157 250
 253 172 110  95  96 103 106 103 112 110 124 108 117 124 219 250
 249 254 252 254 251 253 252 253 251 252 252 253 250 251 250 242
 211 234 235 233 230 230 228 229 226 226 225 225 224 223 223 221
 219 200 153 209 232 229 231 231 232 230 229 229 226 228 223 224
 216 132  98 132 231 231 231 234 230 230 227 227 226 228 224 220
 221 115  90 126 232 233 231 230 222 170 166 219 227 227 225 222
 222 115  86 125 229 232 232 231 197  91  83 198 227 226 225 222
 224 108  85 135 234 232 232 231 194  85  83 203 227 226 225 224
 223 111  82 129 233 233 232 232 191  85  81 211 225 225 226 223
 224 100  83 135 233 234 232 231 188  87  82 211 228 227 225 223
 224 106  85 131 231 231 231 229 224 210 208 224 228 228 225 224
 222  93  79 137 234 230 232 232 231 231 231 230 226 228 225 220
 225 102  78 129 235 232 233 230 231 231 232 230 226 227 224 221
 228  93  79 141 234 231 230 230 230 229 232 231 226 223 221 223
 227  96  79 107 161 146 145 140 142 138 135 131 123 123 194 224
 226  89  75  74  72  74  73  78  74  76  78  71  67  69 138 219
 230 152  87  87  82  89  92  98  98  98 103  97  95 108 192 220
 232 234 231 230 229 227 228 227 225 225 226 224 223 221 219 221
 198 222 219 222 217 219 220 216 215 214 213 217 211 212 209 205
 202 190 139 194 224 220 219 223 219 219 219 216 218 215 214 209
 210 120  76 116 219 220 220 220 223 223 218 217 216 217 218 214
 203 105  75 117 221 219 219 221 209 161 153 214 218 219 217 212
 206 105  73 111 220 223 221 220 186  80  71 192 220 219 215 215
 206  97  74 116 220 220 221 219 186  76  70 198 217 220 218 214
 215  98  75 113 219 224 221 218 188  71  66 187 220 218 217 218
 210  90  70 120 220 223 222 218 180  73  69 201 217 215 214 210
 217  95  69 119 223 222 226 223 212 197 197 216 218 219 214 215
 214  87  70 126 221 225 218 218 221 223 217 222 219 217 213 214
 213  94  69 126 226 222 216 220 221 221 223 220 221 221 214 216
 212  87  69 127 223 224 222 222 220 220 223 219 222 217 216 213
 217  91  68 102 155 141 135 134 129 129 130 124 118 120 184 212
 216  82  68  69  60  64  68  65  71  65  61  56  58  63 121 215
 221 145  84  74  71  76  85  83  88  85  88  84  91 102 185 218
 220 224 223 219 217 219 218 219 219 221 220 220 220 216 217 214

 252 251 254 251 254 253 254 252 251 251 251 252 251 250 250 242
 251 253 254 252 254 253 252 253 254 253 252 252 218 157 219 250
 253 255 254 252 254 254 252 254 252 254 253 254 147  88 124 251
 252 253 254 254 254 255 255 254 254 254 253 252 144  81 117 250
 254 254 254 248 229 232 239 237 252 254 255 254 150  74 108 253
 254 254 254 186 101  96 104 101 235 254 254 254 152  81 124 252
 254 254 254 186 103  93 102  98 238 255 254 254 156  87 110 252
 251 254 255 244 225 218 215 209 250 255 254 254 155  84 112 251
 252 254 255 254 255 254 253 255 255 254 254 254 159  89 103 253
 253 255 255 255 254 254 255 255 254 254 254 254 158  91 106 252
 252 255 255 254 255 255 255 255 255 255 254 254 163  81 103 253
 254 255 254 255 254 253 254 254 254 254 255 254 180  84  96 251
 254 230 149 158 155 158 149 165 153 154 154 158 126  84  95 254
 254 165 105 102  99  96  98  95  95  91  88  83  87  87 110 252
 255 221 150 140 136 132 131 122 116 119 114 102 115  99 172 254
 232 232 234 242 241 243 247 249 247 246 250 248 253 249 253 249
 221 224 220 222 222 224 223 223 224 220 221 223 224 219 220 221
 223 223 224 225 225 225 226 225 225 225 224 221 194 138 192 219
 223 228 228 227 226 226 225 227 228 228 227 223 123  69 108 221
 224 226 226 227 227 227 225 228 228 226 226 226 123  67  95 223
 225 229 227 219 198 203 211 211 224 230 230 231 131  71  97 224
 225 229 227 166  83  83  81  82 208 231 232 232 135  78 103 226
 226 230 230 170  91  85  85  87 210 231 231 229 138  76  98 225
 226 232 230 222 197 194 191 188 224 231 231 230 142  74  98 225
 229 231 234 230 231 231 232 231 229 232 230 230 140  78  98 227
 228 231 231 231 232 232 232 232 231 232 233 230 145  73  92 228
 230 229 231 233 232 232 233 234 231 230 232 231 146  74  89 227
 230 232 231 232 229 234 233 233 231 234 235 234 161  72  82 229
 233 209 132 126 125 135 129 135 131 137 129 141 107  74  87 230
 235 153  98  90  86  85  82  83  85  79  78  79  79  75  87 231
 234 200 132 115 115 108 111 100 106  93 102  93  96  89 152 234
 211 219 216 221 222 224 223 224 224 222 225 228 227 226 230 232
 205 209 214 212 215 214 218 210 215 214 216 213 212 215 218 214
 209 214 218 217 215 218 217 214 214 213 214 216 184 121 185 217
 212 215 217 219 219 220 218 215 219 217 221 217 120  63 102 216
 211 218 216 218 220 217 220 217 218 219 221 222 118  58  91 220
 217 216 217 214 192 198 187 201 216 222 220 219 124  56  84 220
 213 219 218 153  71  70  66  69 197 217 223 223 130  61  88 220
 214 219 223 161  80  76  71  73 197 223 221 220 129  65  85 221
 215 219 223 209 186 186 188 180 212 221 221 220 129  71  88 219
 216 223 220 221 220 219 218 218 223 218 220 222 134  65  83 219
 220 219 220 219 221 221 221 222 226 218 216 222 135  68  85 218
 219 220 220 219 223 220 224 223 222 225 222 224 141  64  76 219
 217 224 219 221 220 220 219 220 223 221 226 223 155  60  71 217
 222 194 116 117 111 116 113 120 119 126 126 127 102  69  74 219
 219 139  76  75  73  74  75  70  69  70  69  69  68  68  84 223
 222 190 120 105 105  97  98  90  95  87  94  87  91  82 145 224
 198 202 210 203 206 206 215 210 217 214 213 212 217 216 221 220

 242 250 251 250 253 252 252 251 253 252 253 251 254 252 254 249
 250 219 124 117 108 124 110 112 103 106 103  96  95 110 172 253
 250 157  88  81  74  81  87  84  89  91  81  84  84  87  99 249
 251 218 147 144 150 152 156 155 159 158 163 180 126  87 115 253
 252 252 254 252 254 254 254 254 254 254 254 254 158  83 102 248
 251 252 253 253 255 254 254 254 254 254 254 255 154  88 114 250
 251 253 254 254 254 254 255 255 254 254 255 254 154  91 119 246
 251 254 252 254 252 235 238 250 255 254 255 254 153  95 116 247
 252 253 254 254 237 101  98 209 255 255 255 254 165  95 122 249
 254 252 252 255 239 104 102 215 253 255 255 254 149  98 131 247
 253 253 254 255 232  96  93 218 254 254 255 253 158  96 132 243
 254 254 254 254 229 101 103 225 255 254 255 254 155  99 136 241
 251 252 252 254 248 186 186 244 254 255 254 255 158 102 140 242
 254 254 254 254 254 254 254 255 255 255 255 254 149 105 150 234
 251 253 255 253 254 254 254 254 254 255 255 255 230 165 221 232
 252 251 253 252 254 254 254 251 252 253 252 254 254 254 255 232
 221 219 221 223 224 226 225 225 227 228 227 229 230 231 234 232
 220 192 108  95  97 103  98  98  98  92  89  82  87  87 152 230
 219 138  69  67  71  78  76  74  78  73  74  72  74  75  89 226
 224 194 123 123 131 135 138 142 140 145 146 161 107  79  96 227
 223 221 223 226 231 232 229 230 230 230 231 234 141  79  93 228
 221 224 227 226 230 232 231 231 230 233 232 235 129  78 102 225
 220 225 228 226 230 231 231 231 232 232 230 234 137  79  93 222
 224 225 228 228 224 208 210 224 229 231 231 231 131  85 106 224
 223 225 227 228 211  82  87 188 231 232 234 233 135  83 100 224
 223 226 225 225 211  81  85 191 232 232 233 233 129  82 111 223
 224 225 226 227 203  83  85 194 231 232 232 234 135  85 108 224
 222 225 226 227 198  83  91 197 231 232 232 229 125  86 115 222
 222 225 227 227 219 166 170 222 230 231 233 232 126  90 115 221
 220 224 228 226 227 227 230 230 234 231 231 231 132  98 132 216
 224 223 228 226 229 229 230 232 231 231 229 232 209 153 200 219
 221 223 223 224 225 225 226 226 229 228 230 230 233 235 234 211
 214 217 216 220 220 220 221 219 219 218 219 217 219 223 224 220
 218 185 102  91  84  88  85  88  83  85  76  71  74  84 145 221
 215 121  63  58  56  61  65  71  65  68  64  60  69  68  82 216
 212 184 120 118 124 130 129 129 134 135 141 155 102  68  91 217
 213 216 217 222 219 223 220 220 222 222 224 223 127  69  87 212
 216 214 221 221 220 223 221 221 220 216 222 226 126  69  94 213
 214 213 217 219 222 217 223 221 218 218 225 221 126  70  87 214
 215 214 219 218 216 197 197 212 223 226 222 223 119  69  95 217
 210 214 215 217 201  69  73 180 218 222 223 220 120  70  90 210
 218 217 218 220 187  66  71 188 218 221 224 219 113  75  98 215
 214 218 220 217 198  70  76 186 219 221 220 220 116  74  97 206
 215 215 219 220 192  71  80 186 220 221 223 220 111  73 105 206
 212 217 219 218 214 153 161 209 221 219 219 221 117  75 105 203
 214 218 217 216 217 218 223 223 220 220 220 219 116  76 120 210
 209 214 215 218 216 219 219 219 223 219 220 224 194 139 190 202
 205 209 212 211 217 213 214 215 216 220 219 217 222 219 222 198

